-0.1973; 3770;
-0.1424; 3884;
-0.2029; 3998;
-0.1590; 4112;
-0.0985; 4226;
-0.2107; 4340;
-0.2370; 4454;
-0.2236; 4568;
-0.1978; 4682;
-0.2347; 4796;
-0.1401; 4910;
-0.1830; 5024;
-0.1045; 5138;
-0.0390; 5252;
-0.1322; 5366;
-0.0810; 5480;
-0.0177; 5594;
-0.0053; 5708;
-0.0764; 5822;
-0.1747; 5936;
-0.1742; 6050;
-0.1936; 6164;
-0.0875; 6278;
-0.0833; 6392;
-0.0187; 6505;
-0.1992; 6619;
-0.1996; 6733;
-0.1392; 6847;
-0.0958; 6961;
-0.0884; 7075;
-0.1018; 7189;
-0.0976; 7303;
-0.0390; 7429;
-0.0524; 7543;
-0.0699; 7657;
-0.0838; 7771;
-0.0334; 7885;
0.0192; 7999;
-0.0039; 8113;
-0.0219; 8227;
0.0478; 8341;
-0.0242; 8455;
0.0003; 8568;
0.0598; 8682;
0.0409; 8796;
0.0727; 8910;
0.0169; 9024;
0.0358; 9138;
0.0981; 9252;
0.1254; 9366;
0.1517; 9480;
0.1249; 9594;
0.0630; 9708;
0.1295; 9822;
0.1628; 9936;
0.0898; 10050;
0.0940; 10164;
0.0861; 10278;
0.1037; 10392;
0.1577; 10712;
0.1785; 10826;
0.1895; 10940;
0.2532; 11054;
0.1891; 11168;
0.2195; 11282;
0.2708; 11407;
0.2283; 11521;
0.1766; 11635;
0.2579; 11749;
0.0857; 11863;
0.2588; 11977;
0.2786; 12091;
0.1868; 12205;
0.2366; 12319;
0.1845; 12433;
0.2338; 12547;
0.1840; 12661;
0.2357; 12775;
0.1628; 12889;
0.2435; 13003;
0.2191; 13117;
0.1641; 13231;
0.2745; 13345;
0.3003; 13459;
0.2832; 13573;
0.3008; 13687;
0.1992; 13801;
0.2957; 13915;
0.2486; 14029;
0.3026; 14143;
0.1900; 14257;
0.3086; 14371;
0.3419; 14485;
0.2117; 14599;
0.2611; 14713;
0.2454; 14827;
0.3128; 14941;
0.2648; 15067;
0.2865; 15181;
0.3091; 15295;
0.2800; 15409;
0.3234; 15523;
0.3303; 15637;
0.2948; 15751;
0.2454; 15865;
0.2694; 15979;
0.3982; 16093;
0.3543; 16207;
0.3326; 16321;
0.3793; 16435;
0.4204; 16549;
0.4037; 16663;
0.3673; 16777;
0.3400; 16891;
0.3216; 17005;
0.4005; 17119;
0.4065; 17233;
0.3839; 17348;
0.4208; 17462;
0.3105; 17576;
0.4434; 17895;
0.3446; 18009;
0.4693; 18134;
0.4360; 18248;
0.4005; 18362;
0.4056; 18477;
0.4647; 18591;
0.3654; 18705;
0.4420; 18819;
0.4199; 18933;
0.3169; 19047;
0.3654; 19161;
0.3996; 19275;
0.4005; 19389;
0.3954; 19503;
0.3331; 19617;
0.3700; 19731;
0.3843; 19845;
0.3756; 19959;
0.3502; 20073;
0.3825; 20187;
0.4125; 20301;
0.4610; 20415;
0.3160; 20529;
0.4125; 20643;
0.3511; 20757;
0.3723; 20871;
0.3797; 20986;
0.3770; 21100;
0.3326; 21214;
0.3289; 21328;
0.4056; 21442;
0.3409; 21556;
0.3525; 21670;
0.3807; 21784;
0.3474; 21898;
0.3294; 22012;
0.2939; 22126;
0.3142; 22240;
0.3516; 22354;
0.3585; 22468;
0.4328; 22594;
0.3142; 22708;
0.3553; 22822;
0.3797; 22936;
0.2791; 23050;
0.2994; 23164;
0.2625; 23278;
0.3119; 23392;
0.3963; 23506;
0.3133; 23620;
0.3373; 23734;
0.3031; 23848;
0.3797; 23962;
0.3317; 24076;
0.3783; 24190;
0.3382; 24304;
0.3119; 24418;
0.2902; 24533;
0.3349; 24647;
0.3493; 24966;
0.2495; 25080;
0.3719; 25194;
0.3539; 25308;
0.3539; 25422;
0.3862; 25536;
0.2966; 25650;
0.3867; 25764;
0.4397; 25878;
0.3174; 25992;
0.3082; 26106;
0.3045; 26221;
0.2560; 26335;
0.3253; 26460;
0.2726; 26574;
0.3257; 26688;
0.3017; 26802;
0.3003; 26916;
0.3086; 27030;
0.3326; 27144;
0.3470; 27258;
0.3313; 27373;
0.2934; 27487;
0.2994; 27601;
0.2634; 27715;
0.2426; 27829;
0.3423; 27943;
0.2934; 28057;
0.3049; 28171;
0.3151; 28285;
0.2888; 28399;
0.3663; 28513;
0.2542; 28627;
0.3867; 28741;
0.3982; 28855;
0.3682; 28969;
0.2759; 29084;
0.2962; 29198;
0.3012; 29312;
0.3128; 29426;
0.2463; 29540;
0.2971; 29654;
0.2689; 29768;
0.2777; 29882;
0.3142; 29996;
0.3036; 30122;
0.3853; 30236;
0.3917; 30350;
0.3308; 30464;
0.3391; 30578;
0.3313; 30692;
0.2856; 30806;
0.3590; 30920;
0.2528; 31034;
0.2038; 31148;
0.2976; 31262;
0.2283; 31376;
0.2278; 31491;
0.2482; 31605;
0.2555; 31719;
0.1623; 31833;
0.3026; 32141;
0.1969; 32255;
0.2149; 32369;
0.1720; 32483;
0.2145; 32597;
0.3188; 32711;
0.1697; 32825;
0.1577; 32940;
0.1798; 33054;
0.2380; 33168;
0.2500; 33282;
0.2149; 33396;
0.2643; 33510;
0.2879; 33624;
0.2842; 33738;
0.2800; 33852;
0.2939; 33966;
0.3807; 34081;
0.3308; 34195;
0.2782; 34309;
0.2514; 34423;
0.2611; 34537;
0.2736; 34651;
0.2357; 34765;
0.2029; 34879;
0.2375; 34993;
0.2856; 35108;
0.2856; 35222;
0.2214; 35336;
0.2971; 35450;
0.2315; 35564;
0.3003; 35678;
0.2274; 35792;
0.2782; 35906;
0.2569; 36020;
0.2796; 36135;
0.1997; 36249;
0.2163; 36363;
0.2675; 36477;
0.2689; 36591;
0.2597; 36705;
0.2025; 36819;
0.3040; 36933;
0.2606; 37047;
0.2371; 37162;
0.2897; 37276;
0.3756; 37390;
0.2468; 37504;
0.3100; 37629;
0.3313; 37744;
0.3133; 37858;
0.2828; 37972;
0.4227; 38086;
0.2883; 38200;
0.2809; 38314;
0.2094; 38428;
0.3746; 38542;
0.4120; 38657;
0.3728; 38771;
0.4010; 38885;
0.2782; 39204;
0.3160; 39318;
0.2657; 39433;
0.1692; 39547;
0.2749; 39661;
0.2375; 39775;
0.3285; 39889;
0.3142; 40003;
0.1969; 40117;
0.2888; 40231;
0.3617; 40346;
0.2015; 40460;
0.2957; 40574;
0.3557; 40688;
0.2108; 40802;
0.2902; 40916;
0.2366; 41030;
0.2615; 41144;
0.2625; 41259;
0.3322; 41373;
0.2592; 41487;
0.2172; 41601;
0.3128; 41715;
0.2242; 41829;
0.2814; 41943;
0.2957; 42057;
0.2352; 42172;
0.2214; 42286;
0.2754; 42400;
0.2237; 42514;
0.1531; 42628;
0.2357; 42742;
0.2726; 42856;
0.2759; 42970;
0.2435; 43085;
0.2634; 43199;
0.2140; 43313;
0.2237; 43427;
0.2491; 43541;
0.1965; 43655;
0.2223; 43769;
0.3400; 43884;
0.3248; 43998;
0.1886; 44112;
0.2334; 44226;
0.1974; 44340;
0.2071; 44454;
0.2412; 44568;
0.2025; 44683;
0.2722; 44797;
0.2500; 44911;
0.2925; 45025;
0.2283; 45139;
0.2671; 45253;
0.1988; 45367;
0.2002; 45481;
0.1304; 45596;
0.0977; 45710;
0.1614; 45824;
0.2579; 45938;
0.2195; 46052;
0.3733; 46372;
0.2809; 46486;
0.3179; 46600;
0.2080; 46714;
0.2343; 46828;
0.2311; 46943;
0.2172; 47057;
0.2278; 47171;
0.1785; 47285;
0.1531; 47399;
0.1969; 47513;
0.1918; 47627;
0.2569; 47742;
0.1614; 47856;
0.1854; 47970;
0.1406; 48084;
0.2020; 48198;
0.2338; 48312;
0.2477; 48427;
0.2712; 48541;
0.2297; 48655;
0.2445; 48769;
0.1821; 48883;
0.2449; 48997;
0.2426; 49112;
0.1817; 49226;
0.2542; 49340;
0.1817; 49454;
0.1166; 49568;
0.1272; 49682;
0.2306; 49796;
0.2486; 49911;
0.2103; 50025;
0.1544; 50139;
0.1683; 50253;
0.1835; 50367;
0.1946; 50481;
0.1614; 50596;
0.1286; 50710;
0.1147; 50824;
0.1461; 50938;
0.1623; 51052;
0.2135; 51166;
0.1646; 51281;
0.1443; 51395;
0.1623; 51509;
0.2098; 51623;
0.1489; 51737;
0.1688; 51851;
0.1544; 51966;
0.1401; 52080;
0.1808; 52194;
0.1166; 52308;
0.1037; 52422;
0.1544; 52536;
0.1217; 52662;
0.1757; 52776;
0.1134; 52890;
0.0907; 53004;
0.0870; 53119;
0.1364; 53427;
0.0912; 53541;
0.0954; 53655;
0.0884; 53769;
0.0815; 53884;
0.0815; 53998;
0.0861; 54112;
0.1849; 54226;
0.1388; 54340;
0.0672; 54454;
0.0640; 54569;
0.0727; 54683;
0.1577; 54797;
0.0257; 54911;
0.1461; 55025;
0.0783; 55139;
0.0723; 55254;
0.1129; 55368;
0.1337; 55482;
0.0866; 55596;
0.1452; 55710;
0.0100; 55824;
0.0967; 55939;
0.0649; 56053;
-0.0104; 56167;
0.0012; 56281;
0.0317; 56395;
-0.0067; 56510;
0.0473; 56624;
0.0021; 56738;
0.0238; 56852;
-0.0191; 56966;
0.1194; 57080;
0.0118; 57195;
0.0326; 57309;
0.0857; 57423;
-0.0496; 57537;
-0.0505; 57651;
-0.0168; 57765;
-0.0237; 57880;
-0.0039; 57994;
-0.0791; 58108;
0.0395; 58222;
0.0455; 58336;
-0.0117; 58450;
-0.0154; 58565;
-0.0505; 58679;
-0.0690; 58793;
0.0681; 58907;
0.0220; 59021;
-0.0224; 59135;
-0.0164; 59250;
0.0557; 59364;
-0.0210; 59478;
0.0307; 59592;
-0.0025; 59706;
0.0506; 59821;
0.0594; 59935;
-0.0496; 60060;
-0.0547; 60174;
-0.0814; 60289;
0.0824; 60608;
0.0261; 60722;
-0.0247; 60837;
-0.0357; 60951;
-0.1373; 61065;
-0.0293; 61179;
-0.0404; 61293;
-0.0538; 61408;
-0.0727; 61522;
-0.1899; 61636;
0.0123; 61750;
-0.1193; 61864;
-0.0459; 61978;
-0.0704; 62093;
0.0127; 62207;
-0.0473; 62321;
-0.0879; 62435;
-0.1175; 62549;
-0.0667; 62663;
-0.0473; 62778;
-0.0778; 62892;
-0.0431; 63006;
-0.0916; 63120;
-0.0921; 63234;
-0.0759; 63348;
-0.1239; 63463;
-0.1341; 63577;
0.0007; 63691;
-0.0611; 63805;
-0.0348; 63919;
-0.1031; 64034;
-0.0140; 64148;
-0.0297; 64262;
-0.0676; 64376;
-0.0704; 64490;
-0.1581; 64604;
-0.0528; 64719;
-0.1235; 64833;
-0.1184; 64947;
-0.1142; 65061;
-0.0865; 65175;
-0.1687; 65289;
-0.1705; 65404;
-0.1405; 65518;
-0.1207; 65632;
-0.1336; 65746;
-0.1244; 65860;
-0.0990; 65975;
-0.1507; 66089;
-0.0727; 66203;
-0.1428; 66317;
-0.1050; 66431;
-0.1599; 66546;
-0.0288; 66660;
-0.0598; 66774;
-0.2006; 66888;
-0.1170; 67002;
-0.1678; 67128;
-0.1221; 67242;
-0.1539; 67356;
-0.2006; 67676;
-0.2015; 67790;
-0.1955; 67904;
-0.2864; 68018;
-0.2282; 68133;
-0.2933; 68247;
-0.2319; 68361;
-0.2666; 68475;
-0.2379; 68589;
-0.2144; 68704;
-0.3155; 68818;
-0.2232; 68932;
-0.3455; 69046;
-0.3409; 69160;
-0.3769; 69274;
-0.3321; 69389;
-0.3390; 69503;
-0.3053; 69617;
-0.3090; 69731;
-0.3257; 69845;
-0.3820; 69960;
-0.4000; 70074;
-0.3317; 70188;
-0.4148; 70302;
-0.3931; 70416;
-0.3783; 70530;
-0.3654; 70645;
-0.3326; 70759;
-0.3381; 70873;
-0.4018; 70987;
-0.3257; 71101;
-0.3635; 71216;
-0.3598; 71330;
-0.3381; 71444;
-0.3437; 71558;
-0.3077; 71672;
-0.3095; 71786;
-0.2887; 71901;
-0.2527; 72015;
-0.3141; 72129;
-0.2379; 72243;
-0.2767; 72357;
-0.3612; 72472;
-0.2047; 72586;
-0.2740; 72700;
-0.2818; 72814;
-0.3326; 72928;
-0.2661; 73042;
-0.2832; 73157;
-0.2596; 73271;
-0.2661; 73385;
-0.3303; 73499;
-0.2721; 73613;
-0.2647; 73727;
-0.2929; 73842;
-0.2139; 73956;
-0.2412; 74070;
-0.2435; 74196;
-0.2624; 74310;
-0.2098; 74424;
-0.1793; 74538;
-0.2513; 74858;
-0.2587; 74972;
-0.3053; 75086;
-0.2989; 75200;
-0.2670; 75315;
-0.2393; 75429;
-0.3210; 75543;
-0.2744; 75657;
-0.2509; 75771;
-0.2246; 75885;
-0.3330; 76000;
-0.2135; 76114;
-0.2449; 76228;
-0.1655; 76342;
-0.2970; 76456;
-0.2532; 76570;
-0.2532; 76685;
-0.2499; 76799;
-0.2601; 76913;
-0.3261; 77027;
-0.2836; 77141;
-0.2426; 77255;
-0.2860; 77370;
-0.2855; 77484;
-0.2079; 77598;
-0.2795; 77712;
-0.3594; 77826;
-0.3063; 77941;
-0.2670; 78055;
-0.2749; 78169;
-0.1992; 78283;
-0.3381; 78397;
-0.2550; 78511;
-0.3035; 78626;
-0.2135; 78740;
-0.2956; 78854;
-0.3169; 78968;
-0.3026; 79082;
-0.3247; 79196;
-0.3040; 79311;
-0.3704; 79425;
-0.3155; 79539;
-0.2652; 79653;
-0.3866; 79767;
-0.3677; 79882;
-0.3289; 79996;
-0.3270; 80110;
-0.3889; 80224;
-0.3035; 80338;
-0.3907; 80452;
-0.3967; 80567;
-0.4152; 80681;
-0.4757; 80795;
-0.3520; 80909;
-0.4452; 81023;
-0.4452; 81138;
-0.3381; 81252;
-0.4023; 81366;
-0.4217; 81480;
-0.3954; 81594;
-0.4655; 81708;
-0.4641; 82028;
-0.3912; 82142;
-0.3875; 82256;
-0.4203; 82371;
-0.3658; 82485;
-0.4226; 82599;
-0.4480; 82713;
-0.3598; 82827;
-0.4803; 82941;
-0.3921; 83056;
-0.5232; 83170;
-0.3510; 83284;
-0.4655; 83398;
-0.3751; 83512;
-0.4461; 83627;
-0.3483; 83741;
-0.3372; 83855;
-0.4734; 83969;
-0.3801; 84083;
-0.5062; 84197;
-0.3949; 84312;
-0.5380; 84426;
-0.4923; 84540;
-0.3907; 84654;
-0.4180; 84768;
-0.3944; 84882;
-0.4254; 85008;
-0.3977; 85122;
-0.3404; 85236;
-0.4286; 85351;
-0.4388; 85465;
-0.4697; 85579;
-0.4558; 85693;
-0.3243; 85807;
-0.3607; 85921;
-0.4157; 86036;
-0.3815; 86150;
-0.4434; 86264;
-0.3889; 86378;
-0.3280; 86492;
-0.3520; 86607;
-0.4540; 86721;
-0.3460; 86835;
-0.3852; 86949;
-0.4785; 87063;
-0.3834; 87177;
-0.3446; 87292;
-0.3603; 87406;
-0.3330; 87520;
-0.3104; 87634;
-0.4134; 87748;
-0.3889; 87863;
-0.3912; 87977;
-0.4277; 88091;
-0.3312; 88205;
-0.3700; 88319;
-0.4087; 88445;
-0.3861; 88559;
-0.3967; 88673;
-0.4189; 88787;
-0.3063; 89107;
-0.3700; 89221;
-0.3663; 89335;
-0.3709; 89450;
-0.3118; 89564;
-0.3395; 89678;
-0.3349; 89792;
-0.3829; 89906;
-0.2984; 90020;
-0.3187; 90135;
-0.3450; 90249;
-0.4591; 90363;
-0.3617; 90477;
-0.3432; 90591;
-0.3967; 90706;
-0.3178; 90820;
-0.3404; 90934;
-0.2887; 91048;
-0.3058; 91162;
-0.3963; 91276;
-0.3238; 91391;
-0.3594; 91505;
-0.2278; 91619;
-0.3266; 91733;
-0.2767; 91847;
-0.3353; 91962;
-0.2670; 92087;
-0.2559; 92201;
-0.4069; 92315;
-0.3714; 92430;
-0.2892; 92544;
-0.4448; 92658;
-0.2795; 92772;
-0.2933; 92886;
-0.3672; 93001;
-0.3709; 93115;
-0.3252; 93229;
-0.2472; 93343;
-0.3529; 93457;
-0.3293; 93571;
-0.2310; 93686;
-0.2980; 93800;
-0.2209; 93914;
-0.3266; 94028;
-0.3838; 94142;
-0.3123; 94257;
-0.3197; 94371;
-0.3506; 94485;
-0.2786; 94599;
-0.3192; 94713;
-0.3630; 94827;
-0.3280; 94942;
-0.2970; 95056;
-0.2860; 95170;
-0.3270; 95284;
-0.2763; 95398;
-0.2860; 95513;
-0.3146; 95627;
-0.3774; 95741;
-0.2398; 95855;
-0.3155; 95969;
-0.2416; 96289;
-0.2527; 96403;
-0.2910; 96517;
-0.2656; 96631;
-0.2827; 96746;
-0.2684; 96860;
-0.1793; 96974;
-0.3414; 97088;
-0.2707; 97202;
-0.2361; 97316;
-0.2952; 97431;
-0.2361; 97545;
-0.2435; 97659;
-0.2421; 97773;
-0.2661; 97887;
-0.2818; 98002;
-0.3187; 98116;
-0.2195; 98230;
-0.2555; 98344;
-0.2638; 98458;
-0.2813; 98572;
-0.3233; 98687;
-0.3880; 98801;
-0.3086; 98915;
-0.2920; 99029;
-0.2726; 99155;
-0.2564; 99269;
-0.3570; 99383;
-0.2910; 99497;
-0.2970; 99612;
-0.3815; 99726;
-0.3141; 99840;
-0.3427; 99954;
-0.3077; 100068;
-0.2813; 100182;
-0.3178; 100297;
-0.3594; 100411;
-0.3012; 100525;
-0.3233; 100639;
-0.3455; 100753;
-0.2767; 100868;
-0.3510; 100982;
-0.3040; 101096;
-0.3169; 101210;
-0.3797; 101324;
-0.2818; 101439;
-0.2915; 101553;
-0.3040; 101667;
-0.2458; 101781;
-0.3030; 101895;
-0.3192; 102009;
-0.3210; 102124;
-0.3109; 102238;
-0.3197; 102352;
-0.2878; 102478;
-0.4032; 102592;
-0.2619; 102706;
-0.3903; 102820;
-0.3621; 102934;
-0.4041; 103049;
-0.3257; 103357;
-0.3524; 103471;
-0.3090; 103585;
-0.3035; 103699;
-0.2818; 103814;
-0.3732; 103928;
-0.3824; 104042;
-0.3450; 104156;
-0.3409; 104270;
-0.3289; 104385;
-0.3898; 104499;
-0.3894; 104613;
-0.3543; 104727;
-0.3723; 104841;
-0.3607; 104955;
-0.4360; 105070;
-0.4281; 105184;
-0.3977; 105298;
-0.2952; 105412;
-0.3132; 105526;
-0.2559; 105641;
-0.3266; 105755;
-0.3672; 105869;
-0.2135; 105995;
-0.2633; 106109;
-0.3090; 106223;
-0.3104; 106337;
-0.3220; 106451;
-0.3944; 106566;
-0.3146; 106680;
-0.2906; 106794;
-0.2749; 106908;
-0.2264; 107022;
-0.2933; 107136;
-0.3820; 107251;
-0.3026; 107365;
-0.2680; 107479;
-0.3617; 107593;
-0.3040; 107707;
-0.3321; 107821;
-0.3081; 107936;
-0.3552; 108050;
-0.2896; 108164;
-0.2495; 108278;
-0.3275; 108392;
-0.1987; 108507;
-0.3284; 108621;
-0.3455; 108735;
-0.3871; 108849;
-0.3192; 108963;
-0.2555; 109078;
-0.2869; 109192;
-0.2476; 109306;
-0.3538; 109420;
-0.3640; 109534;
-0.3524; 109649;
-0.2823; 109763;
-0.3330; 109877;
-0.3667; 109991;
-0.3617; 110105;
-0.3783; 110220;
-0.2333; 110539;
-0.3312; 110653;
-0.2541; 110768;
-0.3215; 110882;
-0.2444; 110996;
-0.3063; 111110;
-0.1742; 111224;
-0.2943; 111339;
-0.2726; 111453;
-0.2416; 111567;
-0.2947; 111681;
-0.2495; 111795;
-0.2075; 111910;
-0.2495; 112024;
-0.3137; 112138;
-0.2416; 112252;
-0.2250; 112366;
-0.1987; 112481;
-0.2282; 112595;
-0.2236; 112709;
-0.2730; 112823;
-0.2721; 112937;
-0.3437; 113052;
-0.2910; 113166;
-0.2319; 113280;
-0.2841; 113394;
-0.3077; 113508;
-0.2809; 113623;
-0.2596; 113737;
-0.3192; 113851;
-0.2698; 113965;
-0.2176; 114079;
-0.2813; 114194;
-0.1964; 114308;
-0.3150; 114422;
-0.2980; 114536;
-0.2915; 114650;
-0.2956; 114765;
-0.2269; 114879;
-0.2195; 114993;
-0.2643; 115107;
-0.2786; 115221;
-0.2555; 115336;
-0.2486; 115450;
-0.3067; 115564;
-0.3081; 115678;
-0.3621; 115792;
-0.2042; 115907;
-0.2370; 116021;
-0.3487; 116135;
-0.3113; 116249;
-0.1604; 116363;
-0.2139; 116478;
-0.3169; 116592;
-0.1585; 116706;
-0.2578; 116820;
-0.2476; 116934;
-0.2204; 117049;
-0.2181; 117163;
-0.3067; 117277;
-0.2006; 117597;
-0.1932; 117711;
-0.1885; 117825;
-0.2255; 117939;
-0.2273; 118054;
-0.1950; 118168;
-0.0681; 118282;
-0.1456; 118396;
-0.1932; 118511;
-0.1899; 118625;
-0.2652; 118739;
-0.1978; 118853;
-0.1932; 118967;
-0.1475; 119082;
-0.1779; 119196;
-0.2084; 119321;
-0.1655; 119436;
-0.1433; 119550;
-0.1272; 119664;
-0.1281; 119778;
-0.1082; 119892;
-0.0935; 120007;
-0.2227; 120121;
-0.0985; 120235;
-0.1221; 120349;
-0.2130; 120464;
-0.1193; 120578;
-0.1161; 120692;
-0.0773; 120806;
-0.1438; 120920;
-0.0491; 121035;
-0.1724; 121149;
-0.0658; 121263;
-0.1031; 121377;
-0.1082; 121491;
-0.0902; 121606;
-0.0814; 121720;
-0.2306; 121834;
-0.0274; 121948;
-0.1512; 122062;
-0.1258; 122177;
-0.1368; 122291;
-0.0297; 122405;
-0.1202; 122519;
-0.0242; 122634;
-0.1996; 122748;
-0.1645; 122862;
-0.0690; 122976;
-0.1742; 123090;
-0.1022; 123205;
-0.1456; 123319;
-0.1018; 123433;
-0.1313; 123547;
-0.1784; 123662;
-0.0454; 123776;
-0.1465; 123890;
-0.1262; 124004;
-0.2190; 124118;
-0.2038; 124233;
-0.1304; 124347;
-0.0999; 124461;
-0.1516; 124781;
-0.0630; 124895;
-0.1479; 125009;
-0.1004; 125124;
-0.1410; 125238;
-0.1350; 125352;
-0.1419; 125466;
-0.1225; 125580;
-0.0828; 125695;
-0.1235; 125809;
-0.0948; 125923;
-0.1161; 126049;
-0.1452; 126163;
-0.0875; 126277;
-0.0861; 126391;
-0.1576; 126506;
-0.0911; 126620;
-0.1276; 126734;
-0.0076; 126848;
-0.1147; 126963;
-0.0261; 127077;
-0.1410; 127191;
-0.0764; 127305;
-0.1405; 127419;
-0.0445; 127534;
-0.1752; 127648;
-0.0962; 127762;
-0.0288; 127876;
-0.1285; 127991;
-0.0810; 128105;
-0.1262; 128219;
-0.1013; 128333;
-0.0371; 128447;
-0.1101; 128562;
-0.0639; 128676;
-0.0593; 128790;
-0.0948; 128904;
-0.1368; 129019;
-0.0357; 129133;
-0.0533; 129247;
-0.0773; 129373;
-0.0542; 129487;
-0.0565; 129601;
-0.0611; 129715;
-0.1442; 129830;
-0.0297; 129944;
-0.0454; 130058;
-0.0025; 130172;
-0.1078; 130286;
-0.1636; 130401;
-0.0644; 130515;
-0.0722; 130629;
-0.1350; 130743;
-0.1567; 130857;
-0.1151; 130972;
-0.1373; 131086;
-0.1392; 131200;
-0.1355; 131314;
-0.1055; 131429;
-0.2107; 131543;
-0.1539; 131863;
-0.1572; 131977;
-0.1775; 132091;
-0.2135; 132205;
-0.2550; 132320;
-0.1562; 132434;
-0.2564; 132548;
-0.1318; 132662;
-0.1502; 132776;
-0.1950; 132891;
-0.1844; 133005;
-0.1922; 133119;
-0.1793; 133233;
-0.2042; 133348;
-0.2181; 133462;
-0.2656; 133576;
-0.2970; 133690;
-0.3681; 133804;
-0.2449; 133919;
-0.1849; 134033;
-0.2850; 134147;
-0.2227; 134261;
-0.3275; 134376;
-0.2472; 134490;
-0.3173; 134604;
-0.3173; 134718;
-0.2010; 134832;
-0.2292; 134947;
-0.2883; 135061;
-0.1927; 135175;
-0.2541; 135289;
-0.2832; 135404;
-0.2800; 135518;
-0.3150; 135632;
-0.2846; 135746;
-0.2518; 135861;
-0.3330; 135975;
-0.3155; 136089;
-0.2089; 136203;
-0.3681; 136317;
-0.3173; 136432;
-0.2804; 136546;
-0.2601; 136660;
-0.2333; 136774;
-0.3169; 136889;
-0.2753; 137003;
-0.3630; 137117;
-0.2181; 137231;
-0.2555; 137345;
-0.3257; 137460;
-0.2435; 137574;
-0.3072; 137688;
-0.2864; 137802;
-0.3141; 137917;
-0.3215; 138031;
-0.3746; 138145;
-0.2052; 138259;
-0.3077; 138373;
-0.3030; 138488;
-0.3132; 138602;
-0.2873; 138716;
-0.1867; 139036;
-0.3192; 139150;
-0.3423; 139264;
-0.2896; 139379;
-0.2763; 139504;
-0.2583; 139619;
-0.2712; 139733;
-0.3063; 139847;
-0.3284; 139961;
-0.2509; 140075;
-0.3003; 140190;
-0.4475; 140304;
-0.4263; 140418;
-0.3806; 140532;
-0.4120; 140647;
-0.4198; 140761;
-0.4383; 140875;
-0.4051; 140989;
-0.5149; 141103;
-0.4609; 141218;
-0.4508; 141332;
-0.4037; 141446;
-0.4328; 141560;
-0.5219; 141675;
-0.3857; 141789;
-0.4563; 141903;
-0.4051; 142017;
-0.3284; 142132;
-0.4540; 142246;
-0.3113; 142360;
-0.3506; 142474;
-0.4069; 142588;
-0.3497; 142703;
-0.3649; 142817;
-0.3372; 142931;
-0.4581; 143045;
-0.4208; 143160;
-0.3621; 143274;
-0.3866; 143388;
-0.4568; 143502;
-0.4951; 143616;
-0.4411; 143731;
-0.4078; 143845;
-0.3871; 143959;
-0.3714; 144073;
-0.3824; 144188;
-0.5186; 144302;
-0.4143; 144416;
-0.3663; 144530;
-0.4323; 144644;
-0.4004; 144759;
-0.3806; 144873;
-0.3907; 144987;
-0.3709; 145101;
-0.4244; 145216;
-0.4221; 145330;
-0.3478; 145444;
-0.3229; 145558;
-0.3123; 145673;
-0.4018; 145787;
-0.5228; 146095;
-0.3954; 146221;
-0.5191; 146335;
-0.4512; 146449;
-0.4360; 146563;
-0.4600; 146678;
-0.4646; 146792;
-0.4655; 146906;
-0.4581; 147020;
-0.4863; 147135;
-0.5029; 147249;
-0.3330; 147363;
-0.4494; 147477;
-0.4046; 147591;
-0.3783; 147706;
-0.3995; 147820;
-0.3792; 147934;
-0.3912; 148048;
-0.3658; 148162;
-0.3607; 148277;
-0.4212; 148391;
-0.4337; 148505;
-0.3963; 148619;
-0.2980; 148734;
-0.3921; 148848;
-0.3991; 148962;
-0.4060; 149076;
-0.2980; 149190;
-0.4235; 149305;
-0.3921; 149430;
-0.3658; 149544;
-0.3737; 149659;
-0.3783; 149773;
-0.2970; 149887;
-0.3963; 150001;
-0.3492; 150116;
-0.3377; 150230;
-0.2767; 150344;
-0.3146; 150458;
-0.4032; 150572;
-0.3824; 150687;
-0.3353; 150801;
-0.3109; 150915;
-0.4027; 151029;
-0.3617; 151143;
-0.3390; 151258;
-0.3963; 151372;
-0.3986; 151486;
-0.4263; 151600;
-0.4018; 151714;
-0.4415; 151829;
-0.4291; 151943;
-0.4475; 152057;
-0.3972; 152171;
-0.3963; 152285;
-0.4397; 152400;
-0.3487; 152514;
-0.3681; 152628;
-0.4087; 152754;
-0.4328; 152868;
-0.3903; 153188;
-0.5611; 153302;
-0.4729; 153416;
-0.4406; 153530;
-0.5306; 153645;
-0.4965; 153759;
-0.4244; 153873;
-0.4600; 153987;
-0.4401; 154101;
-0.4171; 154216;
-0.4771; 154330;
-0.5860; 154444;
-0.4540; 154558;
-0.4868; 154672;
-0.4485; 154787;
-0.4378; 154901;
-0.4655; 155015;
-0.5274; 155129;
-0.4715; 155243;
-0.4369; 155358;
-0.5126; 155472;
-0.4595; 155586;
-0.6497; 155700;
-0.5809; 155814;
-0.5597; 155929;
-0.5842; 156043;
-0.5011; 156157;
-0.5426; 156271;
-0.5902; 156385;
-0.5796; 156500;
-0.5606; 156614;
-0.5768; 156728;
-0.5394; 156842;
-0.6488; 156957;
-0.6017; 157071;
-0.5685; 157185;
-0.5006; 157299;
-0.5112; 157413;
-0.5380; 157528;
-0.5292; 157642;
-0.4457; 157756;
-0.5394; 157870;
-0.6493; 157984;
-0.5362; 158099;
-0.5722; 158213;
-0.6202; 158327;
-0.6553; 158441;
-0.6414; 158555;
-0.5634; 158670;
-0.5085; 158784;
-0.5223; 158898;
-0.4997; 159012;
-0.5158; 159126;
-0.6137; 159241;
-0.5519; 159355;
-0.4743; 159480;
-0.5699; 159595;
-0.6345; 159709;
-0.6040; 159823;
-0.5856; 159937;
-0.5814; 160051;
-0.5071; 160371;
-0.5648; 160485;
-0.5311; 160600;
-0.5006; 160714;
-0.5279; 160828;
-0.5126; 160942;
-0.5038; 161056;
-0.5592; 161171;
-0.4461; 161285;
-0.5486; 161399;
-0.6580; 161513;
-0.5454; 161627;
-0.5269; 161742;
-0.5315; 161856;
-0.6345; 161970;
-0.5957; 162084;
-0.7056; 162198;
-0.6419; 162313;
-0.6239; 162427;
-0.5796; 162541;
-0.6723; 162655;
-0.5606; 162769;
-0.4452; 162883;
-0.5837; 162998;
-0.5532; 163112;
-0.5468; 163226;
-0.5186; 163340;
-0.4304; 163454;
-0.5846; 163569;
-0.5893; 163683;
-0.5117; 163797;
-0.5025; 163911;
-0.4688; 164025;
-0.5057; 164140;
-0.5819; 164254;
-0.5255; 164368;
-0.5080; 164482;
-0.5352; 164596;
-0.5740; 164710;
-0.6266; 164825;
-0.5362; 164939;
-0.6169; 165053;
-0.5551; 165167;
-0.5851; 165281;
-0.6216; 165396;
-0.6271; 165510;
-0.6779; 165624;
-0.6169; 165738;
-0.6871; 165852;
-0.6543; 165966;
-0.6811; 166081;
-0.6340; 166206;
-0.6109; 166320;
-0.5856; 166435;
-0.5920; 166549;
-0.6631; 166663;
-0.6045; 166777;
-0.5292; 166891;
-0.5860; 167006;
-0.5639; 167120;
-0.4655; 167439;
-0.5242; 167554;
-0.5648; 167668;
-0.5939; 167782;
-0.5957; 167896;
-0.5791; 168010;
-0.5334; 168125;
-0.6622; 168239;
-0.5736; 168353;
-0.6285; 168467;
-0.5759; 168581;
-0.5976; 168696;
-0.5726; 168810;
-0.5888; 168924;
-0.5509; 169038;
-0.4503; 169152;
-0.5103; 169267;
-0.5777; 169381;
-0.5029; 169495;
-0.5362; 169609;
-0.6114; 169723;
-0.5796; 169837;
-0.5819; 169952;
-0.5616; 170066;
-0.4983; 170180;
-0.4905; 170294;
-0.4757; 170408;
-0.4766; 170523;
-0.5302; 170637;
-0.4955; 170751;
-0.5819; 170865;
-0.5237; 170979;
-0.4946; 171093;
-0.4978; 171208;
-0.5011; 171322;
-0.4683; 171436;
-0.5389; 171550;
-0.3824; 171664;
-0.4854; 171779;
-0.3723; 171893;
-0.3787; 172007;
-0.3714; 172121;
-0.4046; 172235;
-0.4734; 172349;
-0.3954; 172464;
-0.4854; 172578;
-0.3146; 172692;
-0.3829; 172806;
-0.3954; 172920;
-0.5375; 173035;
-0.4623; 173149;
-0.2920; 173263;
-0.4272; 173377;
-0.3912; 173491;
-0.4775; 173605;
-0.4309; 173720;
-0.3561; 173834;
-0.4152; 173948;
-0.4000; 174062;
-0.3386; 174176;
-0.4623; 174291;
-0.3035; 174610;
-0.3737; 174724;
-0.3547; 174839;
-0.4180; 174953;
-0.3658; 175067;
-0.3289; 175181;
-0.3497; 175295;
-0.3709; 175409;
-0.3838; 175524;
-0.2809; 175638;
-0.3783; 175752;
-0.3367; 175866;
-0.3187; 175980;
-0.3358; 176094;
-0.3275; 176209;
-0.3690; 176323;
-0.3741; 176437;
-0.3506; 176551;
-0.2712; 176665;
-0.3529; 176779;
-0.3353; 176894;
-0.3607; 177008;
-0.2656; 177122;
-0.2735; 177236;
-0.2892; 177350;
-0.3160; 177464;
-0.2389; 177579;
-0.4157; 177693;
-0.2920; 177807;
-0.4129; 177921;
-0.2763; 178035;
-0.3063; 178149;
-0.3220; 178264;
-0.3437; 178378;
-0.2703; 178492;
-0.2892; 178606;
-0.2453; 178720;
-0.2532; 178834;
-0.3714; 178949;
-0.3164; 179063;
-0.3164; 179177;
-0.2740; 179291;
-0.3141; 179405;
-0.3090; 179531;
-0.3414; 179645;
-0.2947; 179759;
-0.3326; 179873;
-0.2744; 179987;
-0.3026; 180102;
-0.2176; 180216;
-0.3658; 180330;
-0.3501; 180444;
-0.2518; 180558;
-0.2804; 180673;
-0.2869; 180787;
-0.2712; 180901;
-0.2892; 181015;
-0.2998; 181129;
-0.3307; 181243;
-0.3067; 181358;
-0.2615; 181666;
-0.3907; 181780;
-0.3118; 181894;
-0.3030; 182008;
-0.3709; 182122;
-0.2601; 182237;
-0.3704; 182351;
-0.3298; 182465;
-0.3935; 182579;
-0.2869; 182693;
-0.3690; 182808;
-0.3986; 182922;
-0.3621; 183036;
-0.3917; 183150;
-0.3455; 183264;
-0.5251; 183378;
-0.4798; 183493;
-0.4148; 183607;
-0.4545; 183721;
-0.4969; 183835;
-0.3972; 183949;
-0.3912; 184063;
-0.3769; 184178;
-0.3866; 184292;
-0.3580; 184406;
-0.4180; 184520;
-0.3483; 184634;
-0.3270; 184748;
-0.3607; 184863;
-0.3321; 184977;
-0.3640; 185091;
-0.3492; 185205;
-0.3349; 185319;
-0.2772; 185433;
-0.2989; 185548;
-0.4171; 185662;
-0.2758; 185776;
-0.1904; 185890;
-0.3423; 186004;
-0.2984; 186118;
-0.2153; 186233;
-0.3806; 186347;
-0.3243; 186461;
-0.2403; 186575;
-0.2929; 186689;
-0.4046; 186803;
-0.4258; 186918;
-0.2947; 187032;
-0.2730; 187146;
-0.3635; 187260;
-0.3113; 187374;
-0.3160; 187488;
-0.3155; 187603;
-0.2481; 187717;
-0.3280; 187831;
-0.2222; 187945;
-0.3478; 188059;
-0.3871; 188174;
-0.3686; 188288;
-0.3889; 188402;
-0.3824; 188516;
-0.4231; 188836;
-0.4803; 188950;
-0.4397; 189064;
-0.5052; 189178;
-0.3450; 189292;
-0.4392; 189407;
-0.3871; 189521;
-0.4706; 189635;
-0.4231; 189749;
-0.4540; 189863;
-0.3746; 189977;
-0.3427; 190092;
-0.2860; 190206;
-0.4535; 190320;
-0.3312; 190434;
-0.3483; 190548;
-0.3561; 190663;
-0.3510; 190777;
-0.3414; 190891;
-0.3524; 191005;
-0.3215; 191119;
-0.3404; 191233;
-0.3058; 191348;
-0.3547; 191462;
-0.2675; 191576;
-0.3330; 191690;
-0.2938; 191804;
-0.3206; 191919;
-0.2564; 192033;
-0.2970; 192147;
-0.3515; 192261;
-0.2712; 192375;
-0.2943; 192489;
-0.2647; 192604;
-0.3197; 192718;
-0.3224; 192832;
-0.2066; 192958;
-0.3100; 193072;
-0.2846; 193186;
-0.2361; 193300;
-0.2864; 193414;
-0.2393; 193528;
-0.3095; 193643;
-0.3238; 193757;
-0.2813; 193871;
-0.3252; 193985;
-0.3058; 194099;
-0.2019; 194214;
-0.2513; 194328;
-0.1895; 194442;
-0.2499; 194556;
-0.2218; 194670;
-0.2024; 194784;
-0.1447; 194899;
-0.2444; 195013;
-0.2315; 195127;
-0.2126; 195241;
-0.1193; 195355;
-0.1461; 195470;
-0.1073; 195584;
-0.1770; 195903;
-0.1830; 196018;
-0.1885; 196132;
-0.1410; 196246;
-0.1479; 196360;
-0.0898; 196486;
-0.1567; 196600;
-0.1142; 196714;
-0.1267; 196828;
-0.1987; 196943;
-0.1959; 197057;
-0.1609; 197171;
-0.1747; 197285;
-0.1313; 197399;
-0.0501; 197513;
-0.1553; 197628;
-0.0413; 197742;
-0.1701; 197856;
-0.1368; 197970;
-0.1461; 198084;
-0.1465; 198199;
-0.0879; 198313;
-0.1733; 198427;
-0.1821; 198541;
-0.2347; 198655;
-0.1715; 198769;
-0.1438; 198884;
-0.2449; 198998;
-0.2162; 199112;
-0.2102; 199226;
-0.0828; 199340;
-0.1982; 199455;
-0.1138; 199569;
-0.1262; 199694;
-0.3053; 199809;
-0.2610; 199923;
-0.1918; 200037;
-0.2472; 200151;
-0.2098; 200265;
-0.2633; 200379;
-0.2306; 200494;
-0.2213; 200608;
-0.3026; 200722;
-0.2781; 200836;
-0.2116; 200950;
-0.1904; 201065;
-0.2435; 201179;
-0.2449; 201293;
-0.2776; 201407;
-0.2887; 201521;
-0.2601; 201635;
-0.3330; 201750;
-0.2453; 201864;
-0.3067; 201978;
-0.1650; 202092;
-0.3086; 202206;
-0.2306; 202321;
-0.2693; 202435;
-0.2652; 202549;
-0.2836; 202663;
-0.1655; 202777;
-0.1493; 203097;
-0.1899; 203211;
-0.2809; 203325;
-0.2615; 203440;
-0.3178; 203554;
-0.1927; 203668;
-0.2933; 203782;
-0.2716; 203896;
-0.2310; 204011;
-0.3155; 204125;
-0.1645; 204239;
-0.2061; 204353;
-0.3561; 204467;
-0.3427; 204582;
-0.2384; 204696;
-0.2901; 204810;
-0.2421; 204924;
-0.2172; 205038;
-0.3067; 205153;
-0.3681; 205267;
-0.2961; 205381;
-0.3178; 205495;
-0.3201; 205609;
-0.2504; 205723;
-0.3118; 205838;
-0.2532; 205952;
-0.2218; 206066;
-0.2836; 206180;
-0.3104; 206294;
-0.2559; 206420;
-0.2606; 206534;
-0.2633; 206648;
-0.2767; 206763;
-0.2116; 206877;
-0.2098; 206991;
-0.2130; 207105;
-0.3557; 207219;
-0.2975; 207334;
-0.2222; 207448;
-0.2712; 207562;
-0.3016; 207676;
-0.3330; 207790;
-0.2781; 207905;
-0.2509; 208019;
-0.2860; 208133;
-0.2689; 208247;
-0.3044; 208361;
-0.2929; 208476;
-0.2236; 208590;
-0.2555; 208704;
-0.3053; 208818;
-0.2490; 208932;
-0.2643; 209047;
-0.3589; 209161;
-0.3197; 209275;
-0.3058; 209389;
-0.3363; 209503;
-0.2232; 209618;
-0.2647; 209732;
-0.2929; 209846;
-0.1770; 210166;
-0.3109; 210280;
-0.2089; 210394;
-0.1885; 210508;
-0.2079; 210623;
-0.1789; 210737;
-0.1742; 210851;
-0.1276; 210965;
-0.2255; 211079;
-0.1895; 211194;
-0.2172; 211308;
-0.2024; 211422;
-0.2162; 211536;
-0.1830; 211650;
-0.2227; 211765;
-0.2153; 211879;
-0.2744; 211993;
-0.1673; 212107;
-0.1336; 212221;
-0.2439; 212336;
-0.1816; 212450;
-0.2199; 212564;
-0.2126; 212678;
-0.2416; 212792;
-0.2375; 212907;
-0.2066; 213021;
-0.1622; 213146;
-0.1267; 213261;
-0.1161; 213375;
-0.1055; 213489;
-0.1488; 213603;
-0.1235; 213717;
-0.0838; 213832;
-0.1031; 213946;
-0.0427; 214060;
-0.0902; 214174;
-0.0514; 214288;
-0.0547; 214402;
-0.0995; 214517;
-0.0247; 214631;
-0.0847; 214745;
-0.0593; 214859;
-0.0990; 214974;
-0.1401; 215088;
-0.1544; 215202;
-0.0971; 215316;
-0.0916; 215430;
-0.1027; 215545;
-0.1258; 215659;
-0.1133; 215773;
-0.1225; 215887;
-0.1405; 216001;
-0.1248; 216116;
-0.0865; 216230;
-0.1008; 216355;
-0.1539; 216470;
-0.1618; 216584;
-0.1452; 216698;
-0.1816; 216812;
-0.0487; 216926;
0.0344; 217235;
-0.0524; 217349;
-0.0921; 217463;
-0.0921; 217577;
-0.1548; 217692;
-0.0967; 217806;
-0.1281; 217920;
-0.0916; 218034;
-0.1645; 218149;
-0.0741; 218263;
-0.1632; 218377;
-0.1253; 218491;
-0.1022; 218605;
-0.1424; 218720;
-0.0390; 218834;
-0.0999; 218948;
-0.0621; 219062;
-0.0953; 219176;
-0.0948; 219291;
-0.1359; 219405;
-0.1202; 219519;
-0.2264; 219633;
-0.1138; 219748;
-0.0584; 219873;
-0.1239; 219987;
-0.1539; 220102;
-0.1664; 220216;
-0.0754; 220330;
-0.1322; 220444;
-0.2079; 220559;
-0.1447; 220673;
-0.1719; 220787;
-0.1202; 220901;
-0.1378; 221015;
-0.1336; 221130;
-0.2416; 221244;
-0.1678; 221358;
-0.2181; 221472;
-0.1318; 221587;
-0.1825; 221701;
-0.0962; 221815;
-0.2264; 221929;
-0.1202; 222043;
-0.2167; 222158;
-0.1276; 222272;
-0.1756; 222386;
-0.2287; 222500;
-0.2998; 222615;
-0.1669; 222729;
-0.1789; 222843;
-0.2301; 222957;
-0.2186; 223071;
-0.2010; 223186;
-0.1996; 223300;
-0.2439; 223414;
-0.2513; 223528;
-0.2273; 223643;
-0.2693; 223757;
-0.2139; 223871;
-0.2601; 223985;
-0.3206; 224099;
-0.2523; 224408;
-0.3035; 224522;
-0.1959; 224636;
-0.2481; 224751;
-0.2278; 224865;
-0.1973; 224979;
-0.2453; 225093;
-0.1964; 225207;
-0.2181; 225322;
-0.1742; 225436;
-0.1507; 225550;
-0.1664; 225664;
-0.2546; 225779;
-0.1641; 225893;
-0.2315; 226007;
-0.2199; 226121;
-0.1641; 226236;
-0.2158; 226350;
-0.1512; 226464;
-0.1576; 226601;
-0.1756; 226715;
-0.2135; 226830;
-0.2255; 226944;
-0.2038; 227058;
-0.1899; 227172;
-0.1567; 227287;
-0.1442; 227401;
-0.1655; 227515;
-0.1701; 227629;
-0.0588; 227744;
-0.1548; 227858;
-0.1055; 227972;
-0.1022; 228086;
-0.1327; 228201;
-0.1073; 228315;
-0.2052; 228429;
-0.1262; 228543;
-0.2375; 228658;
-0.1752; 228772;
-0.0875; 228886;
-0.1156; 229000;
-0.2550; 229115;
-0.1927; 229229;
-0.1752; 229343;
-0.1138; 229469;
-0.1585; 229583;
-0.2499; 229697;
-0.0962; 229823;
-0.2329; 229937;
-0.1793; 230051;
-0.1364; 230166;
-0.2033; 230280;
-0.2449; 230394;
-0.2892; 230508;
-0.2033; 230623;
-0.2426; 230737;
-0.2287; 230851;
-0.2393; 230965;
-0.3298; 231080;
-0.1982; 231400;
-0.1128; 231514;
-0.1493; 231628;
-0.1452; 231742;
-0.2278; 231857;
-0.1659; 231971;
-0.2255; 232085;
-0.1784; 232199;
-0.2190; 232314;
-0.1715; 232428;
-0.2070; 232542;
-0.1909; 232656;
-0.1724; 232771;
-0.1235; 232885;
-0.2444; 232999;
-0.1687; 233113;
-0.0958; 233228;
-0.1876; 233342;
-0.1641; 233456;
-0.1059; 233570;
-0.2172; 233685;
-0.2398; 233799;
-0.2172; 233913;
-0.2421; 234028;
-0.1027; 234142;
-0.2015; 234256;
-0.2186; 234370;
-0.1595; 234485;
-0.2393; 234599;
-0.1673; 234713;
-0.1885; 234827;
-0.1756; 234942;
-0.1470; 235056;
-0.2061; 235170;
-0.2006; 235284;
-0.0514; 235399;
-0.1789; 235513;
-0.1493; 235627;
-0.1373; 235741;
-0.1733; 235856;
-0.1710; 235970;
-0.1729; 236084;
-0.1862; 236199;
-0.1128; 236313;
-0.0916; 236427;
-0.1405; 236553;
-0.1950; 236667;
-0.1567; 236793;
-0.1765; 236907;
-0.1558; 237021;
-0.1761; 237135;
-0.2652; 237250;
-0.2153; 237364;
-0.1862; 237478;
-0.1392; 237592;
-0.1687; 237707;
-0.2513; 237821;
-0.2416; 237935;
-0.2532; 238049;
-0.2241; 238164;
-0.1544; 238278;
-0.2139; 238598;
-0.2749; 238712;
-0.2389; 238826;
-0.2384; 238941;
-0.1969; 239055;
-0.1881; 239169;
-0.1701; 239284;
-0.2426; 239398;
-0.2153; 239512;
-0.1775; 239626;
-0.2449; 239741;
-0.2084; 239855;
-0.3192; 239981;
-0.3377; 240095;
-0.3737; 240209;
-0.1987; 240323;
-0.2361; 240438;
-0.2578; 240552;
-0.3109; 240666;
-0.2920; 240780;
-0.3280; 240895;
-0.3686; 241009;
-0.2869; 241123;
-0.3469; 241238;
-0.2384; 241352;
-0.2675; 241466;
-0.3907; 241580;
-0.2061; 241695;
-0.2310; 241809;
-0.3021; 241923;
-0.2966; 242037;
-0.2601; 242152;
-0.2836; 242266;
-0.2527; 242380;
-0.2684; 242494;
-0.2689; 242609;
-0.3492; 242723;
-0.3663; 242837;
-0.3021; 242952;
-0.3146; 243066;
-0.2873; 243180;
-0.2518; 243306;
-0.2532; 243420;
-0.2850; 243534;
-0.3672; 243649;
-0.3003; 243763;
-0.3991; 243877;
-0.3206; 243991;
-0.2970; 244106;
-0.2869; 244220;
-0.2596; 244334;
-0.3247; 244449;
-0.3547; 244563;
-0.3077; 244677;
-0.3649; 244791;
-0.3044; 244906;
-0.3303; 245020;
-0.3118; 245134;
-0.3534; 245248;
-0.3501; 245363;
-0.3709; 245477;
-0.2680; 245797;
-0.2813; 245911;
-0.3432; 246026;
-0.3755; 246140;
-0.3912; 246254;
-0.3995; 246368;
-0.3723; 246483;
-0.4743; 246597;
-0.3455; 246723;
-0.3501; 246837;
-0.4378; 246951;
-0.4194; 247066;
-0.3995; 247180;
-0.3843; 247294;
-0.3340; 247408;
-0.3811; 247523;
-0.3778; 247637;
-0.3395; 247751;
-0.3981; 247866;
-0.3732; 247980;
-0.3169; 248094;
-0.4143; 248208;
-0.2416; 248323;
-0.2439; 248437;
-0.3880; 248551;
-0.3261; 248666;
-0.2873; 248780;
-0.4051; 248894;
-0.3644; 249008;
-0.4027; 249123;
-0.2975; 249237;
-0.3441; 249351;
-0.3210; 249466;
-0.3649; 249580;
-0.3672; 249694;
-0.3746; 249808;
-0.3266; 249923;
-0.2629; 250048;
-0.3146; 250163;
-0.3663; 250277;
-0.3792; 250391;
-0.3787; 250506;
-0.2393; 250620;
-0.3275; 250734;
-0.2980; 250848;
-0.3584; 250963;
-0.2933; 251077;
-0.3497; 251191;
-0.3764; 251306;
-0.3390; 251431;
-0.2966; 251546;
-0.3764; 251660;
-0.3404; 251774;
-0.3137; 251888;
-0.4134; 252003;
-0.3358; 252117;
-0.4535; 252231;
-0.3630; 252346;
-0.3127; 252460;
-0.4341; 252574;
-0.3700; 252894;
-0.3889; 253009;
-0.3086; 253123;
-0.3797; 253237;
-0.3173; 253351;
-0.3654; 253477;
-0.2144; 253591;
-0.3677; 253706;
-0.3455; 253820;
-0.2379; 253934;
-0.3686; 254049;
-0.3090; 254163;
-0.2763; 254277;
-0.2924; 254391;
-0.3617; 254506;
-0.3303; 254620;
-0.3483; 254734;
-0.2666; 254848;
-0.3547; 254963;
-0.3478; 255077;
-0.2920; 255191;
-0.2878; 255306;
-0.3681; 255420;
-0.3534; 255534;
-0.4558; 255649;
-0.3067; 255763;
-0.3552; 255877;
-0.3612; 255991;
-0.3372; 256106;
-0.3949; 256220;
-0.3483; 256334;
-0.3621; 256449;
-0.3520; 256563;
-0.3940; 256677;
-0.3764; 256803;
-0.3594; 256917;
-0.2910; 257031;
-0.2947; 257146;
-0.3095; 257260;
-0.3672; 257374;
-0.2781; 257489;
-0.3160; 257603;
-0.2878; 257717;
-0.3390; 257831;
-0.3432; 257946;
-0.3137; 258060;
-0.3981; 258174;
-0.3270; 258289;
-0.3524; 258403;
-0.4014; 258517;
-0.4051; 258631;
-0.4406; 258757;
-0.4212; 258871;
-0.4074; 258986;
-0.4429; 259100;
-0.4978; 259214;
-0.2943; 259329;
-0.3857; 259443;
-0.3686; 259557;
-0.3626; 259671;
-0.4018; 259786;
-0.3552; 260106;
-0.3058; 260231;
-0.3381; 260346;
-0.3640; 260460;
-0.2920; 260574;
-0.3635; 260689;
-0.3340; 260803;
-0.3741; 260917;
-0.4189; 261031;
-0.4004; 261146;
-0.4411; 261260;
-0.3021; 261374;
-0.2947; 261489;
-0.4318; 261603;
-0.3935; 261717;
-0.3630; 261832;
-0.3621; 261946;
-0.4106; 262060;
-0.3714; 262174;
-0.4318; 262289;
-0.4738; 262403;
-0.4378; 262517;
-0.4263; 262632;
-0.3118; 262746;
-0.3644; 262860;
-0.4605; 262975;
-0.3607; 263089;
-0.3894; 263203;
-0.3972; 263317;
-0.4434; 263432;
-0.4051; 263546;
-0.4120; 263660;
-0.3944; 263775;
-0.3667; 263889;
-0.4568; 264003;
-0.4258; 264117;
-0.4087; 264232;
-0.3335; 264346;
-0.3275; 264460;
-0.4018; 264575;
-0.3912; 264689;
-0.4401; 264803;
-0.3552; 264918;
-0.3737; 265032;
-0.3894; 265146;
-0.4092; 265260;
-0.3566; 265375;
-0.4665; 265489;
-0.3690; 265603;
-0.3787; 265718;
-0.4175; 265832;
-0.3501; 265946;
-0.4097; 266060;
-0.4701; 266186;
-0.4009; 266301;
-0.4808; 266415;
-0.4106; 266529;
-0.4355; 266643;
-0.4023; 266769;
-0.4623; 266883;
-0.5112; 267204;
-0.4660; 267318;
-0.5486; 267432;
-0.5366; 267546;
-0.5893; 267661;
-0.3792; 267775;
-0.4882; 267889;
-0.4674; 268004;
-0.4341; 268118;
-0.5265; 268232;
-0.4563; 268346;
-0.4623; 268461;
-0.4332; 268575;
-0.4337; 268689;
-0.4032; 268804;
-0.4637; 268918;
-0.4115; 269032;
-0.3935; 269147;
-0.3381; 269261;
-0.3524; 269375;
-0.3764; 269489;
-0.5149; 269604;
-0.4355; 269718;
-0.4249; 269832;
-0.4277; 269947;
-0.3769; 270061;
-0.3044; 270187;
-0.3515; 270301;
-0.3432; 270415;
-0.2749; 270529;
-0.3072; 270644;
-0.3090; 270758;
-0.3954; 270872;
-0.3487; 270987;
-0.3460; 271101;
-0.3173; 271215;
-0.2656; 271329;
-0.3118; 271444;
-0.2698; 271558;
-0.2578; 271672;
-0.3732; 271787;
-0.3155; 271901;
-0.2647; 272015;
-0.2984; 272130;
-0.2167; 272244;
-0.2578; 272358;
-0.2675; 272472;
-0.2227; 272587;
-0.2347; 272701;
-0.2121; 272815;
-0.1909; 272930;
-0.2740; 273044;
-0.2075; 273158;
-0.3386; 273272;
-0.3400; 273387;
-0.2896; 273512;
-0.2740; 273627;
-0.2398; 273741;
-0.3280; 273855;
-0.2800; 273970;
-0.3183; 274084;
-0.3220; 274404;
-0.3460; 274518;
-0.3372; 274633;
-0.3640; 274747;
-0.4124; 274861;
-0.4411; 274975;
-0.3741; 275090;
-0.3921; 275204;
-0.3377; 275318;
-0.3497; 275433;
-0.4175; 275547;
-0.3474; 275661;
-0.3372; 275776;
-0.4041; 275890;
-0.3474; 276004;
-0.3931; 276118;
-0.4471; 276233;
-0.4517; 276347;
-0.4374; 276461;
-0.4660; 276576;
-0.4858; 276690;
-0.4134; 276804;
-0.4304; 276919;
-0.4304; 277033;
-0.4157; 277147;
-0.4448; 277261;
-0.3557; 277376;
-0.3944; 277490;
-0.4688; 277604;
-0.4111; 277719;
-0.4868; 277833;
-0.4955; 277947;
-0.4748; 278062;
-0.4291; 278176;
-0.4766; 278290;
-0.4217; 278404;
-0.5025; 278519;
-0.4277; 278633;
-0.4337; 278747;
-0.4545; 278862;
-0.4466; 278976;
-0.4628; 279090;
-0.5362; 279205;
-0.3834; 279319;
-0.3534; 279433;
-0.4457; 279548;
-0.4614; 279662;
-0.4822; 279776;
-0.4766; 279890;
-0.6137; 280005;
-0.5832; 280119;
-0.5459; 280245;
-0.5542; 280359;
-0.6156; 280473;
-0.5712; 280588;
-0.5791; 280702;
-0.5200; 280816;
-0.5874; 280931;
-0.5509; 281045;
-0.5371; 281159;
-0.5782; 281479;
-0.5699; 281593;
-0.6622; 281708;
-0.6253; 281822;
-0.6017; 281936;
-0.6133; 282051;
-0.5999; 282165;
-0.5708; 282279;
-0.6063; 282393;
-0.6248; 282508;
-0.5122; 282622;
-0.5749; 282736;
-0.6220; 282851;
-0.5625; 282965;
-0.6257; 283079;
-0.5232; 283194;
-0.5832; 283308;
-0.6156; 283422;
-0.6760; 283536;
-0.5592; 283662;
-0.5828; 283776;
-0.6414; 283891;
-0.7037; 284005;
-0.7088; 284119;
-0.6802; 284234;
-0.6239; 284348;
-0.6248; 284462;
-0.6747; 284576;
-0.6040; 284691;
-0.5523; 284805;
-0.6779; 284919;
-0.6156; 285034;
-0.6954; 285148;
-0.6128; 285262;
-0.6160; 285377;
-0.6737; 285491;
-0.6179; 285605;
-0.4942; 285720;
-0.6516; 285834;
-0.5740; 285948;
-0.5911; 286062;
-0.7457; 286177;
-0.6225; 286291;
-0.4018; 286405;
-0.6008; 286520;
-0.5265; 286634;
-0.6446; 286748;
-0.5163; 286863;
-0.4291; 286988;
-0.4424; 287103;
-0.3630; 287217;
-0.3857; 287331;
-0.3150; 287445;
-0.4286; 287560;
-0.4605; 287674;
-0.4189; 287788;
-0.4808; 287903;
-0.2647; 288028;
-0.2555; 288143;
-0.2389; 288257;
-0.4798; 288371;
-0.2684; 288691;
-0.1835; 288806;
-0.1405; 288920;
-0.3141; 289034;
-0.3372; 289148;
-0.1802; 289263;
-0.3330; 289377;
-0.2680; 289491;
-0.3746; 289606;
-0.2786; 289720;
-0.3820; 289834;
-0.2864; 289949;
-0.2823; 290063;
-0.2993; 290177;
-0.4221; 290291;
-0.4124; 290417;
-0.4581; 290531;
-0.5122; 290646;
-0.4041; 290760;
-0.4092; 290874;
-0.4037; 290989;
-0.4498; 291103;
-0.4309; 291217;
-0.3838; 291332;
-0.3432; 291446;
-0.3755; 291560;
-0.4092; 291674;
-0.4480; 291789;
-0.4886; 291903;
-0.4083; 292017;
-0.4161; 292132;
-0.4378; 292246;
-0.4295; 292360;
-0.5145; 292475;
-0.5616; 292589;
-0.4738; 292703;
-0.5560; 292817;
-0.5002; 292932;
-0.5126; 293046;
-0.5177; 293160;
-0.4978; 293275;
-0.4577; 293389;
-0.4097; 293503;
-0.4600; 293618;
-0.5085; 293732;
-0.4822; 293846;
-0.4729; 293960;
-0.4692; 294075;
-0.4364; 294189;
-0.4198; 294303;
-0.4097; 294418;
-0.4023; 294532;
-0.3197; 294646;
-0.3723; 294761;
-0.3672; 294875;
-0.3584; 294989;
-0.3797; 295103;
-0.4785; 295218;
-0.3257; 295332;
-0.3834; 295458;
-0.3912; 295572;
-0.3404; 295892;
-0.4111; 296006;
-0.3875; 296121;
-0.3603; 296235;
-0.3630; 296349;
-0.3492; 296464;
-0.2938; 296578;
-0.4983; 296692;
-0.3487; 296806;
-0.4928; 296921;
-0.4554; 297035;
-0.2781; 297161;
-0.3035; 297275;
-0.4106; 297389;
-0.4180; 297504;
-0.3704; 297618;
-0.3940; 297732;
-0.3820; 297847;
-0.4198; 297961;
-0.3584; 298075;
-0.4023; 298190;
-0.3884; 298304;
-0.3875; 298418;
-0.3774; 298532;
-0.3764; 298647;
-0.3307; 298761;
-0.2933; 298875;
-0.3649; 298990;
-0.3695; 299104;
-0.2998; 299218;
-0.3077; 299333;
-0.3635; 299447;
-0.3427; 299561;
-0.3778; 299675;
-0.3123; 299790;
-0.3949; 299904;
-0.4161; 300018;
-0.3483; 300133;
-0.3418; 300247;
-0.2476; 300373;
-0.3293; 300487;
-0.3081; 300601;
-0.3150; 300716;
-0.3460; 300830;
-0.2970; 300944;
-0.3127; 301059;
-0.2869; 301173;
-0.2753; 301287;
-0.2592; 301401;
-0.2795; 301516;
-0.3044; 301630;
-0.3501; 301744;
-0.3280; 301859;
-0.2721; 301973;
-0.3178; 302087;
-0.3081; 302202;
-0.2929; 302316;
-0.2643; 302430;
-0.2213; 302544;
-0.2749; 302659;
-0.2241; 302979;
-0.3450; 303093;
-0.2643; 303207;
-0.2730; 303322;
-0.3224; 303436;
-0.2269; 303550;
-0.3270; 303665;
-0.3086; 303779;
-0.2809; 303905;
-0.2680; 304019;
-0.2726; 304133;
-0.2583; 304248;
-0.2938; 304362;
-0.2684; 304476;
-0.3381; 304590;
-0.3427; 304705;
-0.3630; 304819;
-0.2532; 304933;
-0.3714; 305048;
-0.3150; 305162;
-0.4148; 305276;
-0.4074; 305391;
-0.4900; 305505;
-0.4429; 305619;
-0.3746; 305733;
-0.3390; 305848;
-0.3880; 305962;
-0.4023; 306076;
-0.4471; 306191;
-0.4351; 306305;
-0.3894; 306419;
-0.4129; 306534;
-0.5223; 306648;
-0.5265; 306762;
-0.5639; 306876;
-0.4180; 306991;
-0.5062; 307117;
-0.5426; 307231;
-0.4328; 307345;
-0.4087; 307459;
-0.4424; 307574;
-0.4803; 307688;
-0.4891; 307802;
-0.5080; 307917;
-0.3658; 308031;
-0.5288; 308145;
-0.5158; 308260;
-0.5080; 308374;
-0.5283; 308488;
-0.5736; 308602;
-0.5292; 308717;
-0.5131; 308831;
-0.6474; 308945;
-0.5098; 309060;
-0.5514; 309174;
-0.5228; 309288;
-0.5422; 309403;
-0.5985; 309517;
-0.5394; 309631;
-0.5740; 309746;
-0.5579; 309860;
-0.5006; 310180;
-0.5708; 310306;
-0.5311; 310420;
-0.6391; 310534;
-0.6109; 310660;
-0.6271; 310774;
-0.6373; 310889;
-0.4706; 311003;
-0.4618; 311117;
-0.5209; 311232;
-0.5029; 311346;
-0.5846; 311460;
-0.6142; 311574;
-0.5837; 311689;
-0.5546; 311803;
-0.6479; 311917;
-0.5897; 312032;
-0.5422; 312146;
-0.5482; 312260;
-0.5486; 312375;
-0.5500; 312489;
-0.6350; 312603;
-0.5957; 312718;
-0.5731; 312832;
-0.5205; 312946;
-0.5629; 313061;
-0.5472; 313175;
-0.5671; 313289;
-0.6008; 313404;
-0.6530; 313518;
-0.6317; 313632;
-0.6234; 313747;
-0.5606; 313872;
-0.5380; 313987;
-0.5491; 314101;
-0.6345; 314215;
-0.6160; 314330;
-0.5186; 314444;
-0.5440; 314558;
-0.5509; 314673;
-0.5869; 314787;
-0.5459; 314901;
-0.5149; 315015;
-0.5819; 315130;
-0.5523; 315244;
-0.5602; 315358;
-0.6363; 315473;
-0.5906; 315587;
-0.5763; 315701;
-0.5468; 315816;
-0.6294; 315930;
-0.5311; 316044;
-0.4983; 316159;
-0.6359; 316273;
-0.5980; 316387;
-0.5902; 316502;
-0.6391; 316616;
-0.5925; 316730;
-0.5149; 316845;
-0.5435; 316959;
-0.5122; 317279;
-0.5579; 317405;
-0.5126; 317530;
-0.4628; 317645;
-0.4914; 317759;
-0.5491; 317873;
-0.6017; 317988;
-0.6437; 318102;
-0.5666; 318216;
-0.5745; 318331;
-0.5306; 318445;
-0.5385; 318559;
-0.5606; 318674;
-0.4595; 318788;
-0.5158; 318902;
-0.5893; 319017;
-0.4605; 319131;
-0.4757; 319245;
-0.5856; 319360;
-0.4711; 319474;
-0.5075; 319588;
-0.4568; 319702;
-0.5085; 319817;
-0.3880; 319931;
-0.4840; 320045;
-0.5592; 320160;
-0.4937; 320274;
-0.4304; 320388;
-0.4295; 320503;
-0.6156; 320629;
-0.5786; 320743;
-0.5274; 320857;
-0.5094; 320971;
-0.5800; 321086;
-0.5814; 321200;
-0.5052; 321314;
-0.4858; 321429;
-0.5980; 321543;
-0.5477; 321657;
-0.5385; 321772;
-0.5454; 321886;
-0.5925; 322000;
-0.6479; 322115;
-0.5255; 322229;
-0.5048; 322343;
-0.5736; 322458;
-0.5334; 322572;
-0.5306; 322686;
-0.5662; 322801;
-0.6105; 322915;
-0.5814; 323029;
-0.5791; 323144;
-0.4812; 323258;
-0.4928; 323372;
-0.5772; 323486;
-0.5228; 323601;
-0.4900; 323715;
-0.4955; 323829;
-0.5385; 323944;
-0.5080; 324058;
-0.5846; 324172;
-0.5112; 324493;
-0.5449; 324607;
-0.5865; 324721;
-0.4508; 324835;
-0.5094; 324961;
-0.4785; 325076;
-0.3972; 325190;
-0.5052; 325304;
-0.5639; 325419;
-0.4992; 325533;
-0.5491; 325647;
-0.5611; 325761;
-0.5676; 325876;
-0.5029; 325990;
-0.5819; 326104;
-0.5495; 326219;
-0.5306; 326333;
-0.5062; 326447;
-0.5809; 326562;
-0.5182; 326676;
-0.5685; 326790;
-0.5242; 326905;
-0.5883; 327019;
-0.4609; 327133;
-0.5297; 327248;
-0.5145; 327373;
-0.5145; 327488;
-0.5085; 327602;
-0.5906; 327716;
-0.5408; 327831;
-0.6183; 327945;
-0.5449; 328059;
-0.6022; 328174;
-0.5574; 328288;
-0.6386; 328402;
-0.6742; 328517;
-0.6086; 328631;
-0.6239; 328745;
-0.5846; 328860;
-0.5809; 328974;
-0.6003; 329088;
-0.5565; 329203;
-0.5856; 329317;
-0.5532; 329431;
-0.5897; 329545;
-0.5495; 329660;
-0.5837; 329774;
-0.5426; 329888;
-0.5662; 330003;
-0.6026; 330117;
-0.5652; 330231;
-0.5348; 330346;
-0.5011; 330460;
-0.5874; 330586;
-0.5228; 330700;
-0.5195; 330814;
-0.5500; 330929;
-0.5375; 331043;
-0.5357; 331157;
-0.5611; 331272;
-0.6013; 331592;
-0.5315; 331706;
-0.6082; 331821;
-0.5676; 331935;
-0.5394; 332049;
-0.4803; 332164;
-0.4706; 332289;
-0.4171; 332404;
-0.5163; 332518;
-0.6350; 332632;
-0.6225; 332747;
-0.6188; 332861;
-0.6123; 332975;
-0.5754; 333090;
-0.5574; 333204;
-0.5893; 333318;
-0.5389; 333433;
-0.6216; 333547;
-0.5976; 333661;
-0.5902; 333776;
-0.5994; 333890;
-0.6123; 334004;
-0.6331; 334130;
-0.6548; 334244;
-0.6294; 334359;
-0.6290; 334473;
-0.6368; 334587;
-0.7051; 334702;
-0.6636; 334816;
-0.5459; 334930;
-0.5463; 335044;
-0.5435; 335159;
-0.5449; 335273;
-0.5814; 335387;
-0.6086; 335502;
-0.5772; 335616;
-0.5412; 335730;
-0.5435; 335845;
-0.5546; 335959;
-0.5408; 336073;
-0.5948; 336188;
-0.4882; 336302;
-0.5066; 336416;
-0.5468; 336531;
-0.4895; 336645;
-0.5163; 336759;
-0.5994; 336874;
-0.5080; 336988;
-0.5911; 337102;
-0.5985; 337217;
-0.5648; 337342;
-0.5486; 337457;
-0.5699; 337571;
-0.5343; 337685;
-0.5389; 337800;
-0.5629; 337914;
-0.6031; 338028;
-0.5768; 338143;
-0.5989; 338257;
-0.6290; 338371;
-0.7060; 338486;
-0.5639; 338806;
-0.6700; 338920;
-0.5542; 339034;
-0.6871; 339149;
-0.6617; 339263;
-0.6811; 339377;
-0.5994; 339491;
-0.5971; 339617;
-0.6677; 339732;
-0.7236; 339846;
-0.6026; 339960;
-0.6400; 340074;
-0.6262; 340189;
-0.5519; 340303;
-0.5837; 340417;
-0.6045; 340532;
-0.5772; 340646;
-0.5809; 340760;
-0.5911; 340886;
-0.6502; 341000;
-0.6525; 341114;
-0.5620; 341229;
-0.7042; 341343;
-0.6160; 341457;
-0.6493; 341572;
-0.6553; 341686;
-0.7827; 341800;
-0.6862; 341915;
-0.7093; 342029;
-0.6460; 342143;
-0.7919; 342257;
-0.7010; 342372;
-0.6368; 342486;
-0.6834; 342600;
-0.6765; 342715;
-0.7393; 342829;
-0.7841; 342943;
-0.7222; 343057;
-0.7748; 343172;
-0.7208; 343286;
-0.7014; 343400;
-0.7721; 343515;
-0.7231; 343629;
-0.3963; 3153;
-0.2772; 3473;
-0.3464; 3587;
-0.2901; 3701;
-0.3252; 3816;
-0.4494; 3930;
-0.3501; 4044;
-0.3783; 4158;
-0.3427; 4273;
-0.3963; 4387;
-0.4360; 4501;
-0.3672; 4616;
-0.3912; 4730;
-0.4027; 4844;
-0.4401; 4959;
-0.4291; 5073;
-0.4064; 5187;
-0.3644; 5302;
-0.4489; 5416;
0.5713; 5530;
-0.3723; 5645;
0.2920; 5759;
1.0842; 5873;
2.3823; 5987;
2.5333; 6102;
2.8569; 6216;
4.0719; 6330;
4.4200; 6445;
4.1956; 6559;
3.2779; 6673;
1.3589; 6788;
-0.6350; 6902;
-0.9018; 7016;
-0.2555; 7131;
-0.3021; 7245;
-0.6063; 7359;
-0.3880; 7485;
-0.0819; 7599;
0.2292; 7713;
0.2477; 7828;
-0.0104; 7942;
-0.3303; 8056;
-0.4512; 8171;
-0.5629; 8285;
-0.4632; 8399;
-0.4822; 8513;
-0.4692; 8628;
-0.3894; 8742;
-0.0533; 8856;
0.7592; 8971;
2.2946; 9085;
2.6261; 9199;
2.7382; 9313;
-0.1507; 9428;
-0.4000; 9542;
-0.4194; 9656;
-0.3852; 9771;
-0.3949; 9885;
-0.4397; 9999;
-0.3450; 10113;
-0.3524; 10228;
-0.3751; 10342;
-0.4272; 10673;
-0.4291; 10799;
-0.4572; 10913;
-0.4004; 11028;
-0.3935; 11142;
-0.4184; 11256;
-0.4295; 11382;
-0.4148; 11496;
-0.4549; 11611;
-0.4651; 11725;
-0.5685; 11839;
-0.5038; 11953;
-0.4632; 12068;
-0.4494; 12182;
-0.4351; 12296;
-0.4974; 12410;
-0.4942; 12525;
-0.4406; 12639;
-0.4508; 12753;
-0.4272; 12868;
-0.3958; 12982;
-0.4729; 13096;
-0.5426; 13210;
-0.5472; 13325;
-0.4826; 13439;
-0.5842; 13553;
-0.5814; 13667;
-0.5786; 13782;
-0.6326; 13896;
-0.6627; 14010;
-0.6465; 14125;
-0.6650; 14239;
-0.6530; 14353;
-0.6553; 14467;
-0.6797; 14582;
-0.6253; 14696;
-0.5860; 14822;
-0.5791; 14936;
-0.5948; 15050;
-0.6049; 15164;
-0.5980; 15279;
-0.5749; 15393;
-0.5791; 15507;
-0.6733; 15621;
-0.6908; 15736;
-0.6386; 15850;
-0.6225; 15964;
-0.6280; 16078;
-0.6146; 16193;
-0.5791; 16307;
-0.5823; 16421;
-0.7079; 16536;
-0.5786; 16650;
-0.5671; 16764;
-0.6234; 16878;
-0.6068; 16993;
-0.6793; 17107;
-0.6368; 17221;
-0.5440; 17335;
-0.5856; 17450;
-0.5440; 17769;
-0.6262; 17884;
-0.5911; 17998;
-0.5939; 18124;
-0.5879; 18238;
-0.6437; 18352;
-0.5851; 18478;
-0.4886; 18592;
-0.4641; 18706;
-0.5588; 18820;
-0.6036; 18935;
-0.7033; 19049;
-0.6290; 19163;
-0.6248; 19277;
-0.6483; 19392;
-0.5814; 19506;
-0.4969; 19620;
-0.5357; 19734;
-0.4572; 19849;
-0.5994; 19963;
-0.6326; 20077;
-0.5048; 20191;
-0.5389; 20306;
-0.5505; 20420;
-0.5509; 20534;
-0.5302; 20648;
-0.5588; 20762;
-0.4863; 20877;
-0.4826; 20991;
-0.5648; 21105;
-0.5034; 21219;
-0.5537; 21334;
-0.5311; 21448;
-0.5796; 21562;
-0.4923; 21676;
-0.5168; 21790;
-0.4521; 21916;
-0.5722; 22030;
-0.5736; 22145;
-0.5195; 22259;
-0.5422; 22373;
-0.5648; 22487;
-0.6234; 22601;
-0.5435; 22716;
-0.5117; 22830;
-0.5200; 22944;
-0.4992; 23058;
-0.5237; 23173;
-0.4858; 23287;
-0.5662; 23401;
-0.5805; 23515;
-0.6225; 23629;
-0.5343; 23744;
-0.5893; 23858;
-0.6045; 23972;
-0.5929; 24086;
-0.4946; 24201;
-0.5666; 24315;
-0.5948; 24429;
-0.5486; 24543;
-0.6530; 24658;
-0.6991; 24977;
-0.5648; 25092;
-0.6239; 25206;
-0.5976; 25320;
-0.5168; 25446;
-0.5112; 25560;
-0.5057; 25674;
-0.6262; 25788;
-0.4674; 25903;
-0.5265; 26017;
-0.5643; 26131;
-0.6562; 26245;
-0.5925; 26359;
-0.4614; 26474;
-0.5329; 26588;
-0.4738; 26702;
-0.5339; 26816;
-0.4678; 26930;
-0.5062; 27045;
-0.5385; 27159;
-0.5025; 27273;
-0.5011; 27387;
-0.4738; 27501;
-0.5579; 27616;
-0.6013; 27730;
-0.5505; 27844;
-0.5186; 27958;
-0.5565; 28073;
-0.5362; 28187;
-0.5579; 28301;
-0.5015; 28415;
-0.5560; 28529;
-0.4554; 28644;
-0.5417; 28758;
-0.4157; 28872;
-0.4872; 28986;
-0.4286; 29112;
-0.3903; 29226;
-0.3446; 29340;
-0.4263; 29454;
-0.3261; 29569;
-0.4184; 29683;
-0.4461; 29797;
-0.4605; 29911;
-0.4328; 30025;
-0.4240; 30140;
-0.4526; 30254;
-0.5011; 30368;
-0.3972; 30482;
-0.3377; 30597;
-0.4046; 30711;
-0.4281; 30825;
-0.3298; 30939;
-0.4277; 31053;
-0.3090; 31168;
-0.2680; 31282;
-0.2523; 31396;
-0.2772; 31510;
-0.2195; 31624;
-0.3141; 31739;
-0.2195; 31853;
-0.2236; 32173;
-0.2356; 32287;
-0.2592; 32401;
-0.1876; 32515;
-0.2629; 32629;
-0.2356; 32755;
-0.2583; 32869;
-0.2255; 32983;
-0.2541; 33098;
-0.3298; 33212;
-0.2610; 33326;
-0.3681; 33440;
-0.2744; 33555;
-0.1765; 33669;
-0.1710; 33783;
-0.2241; 33897;
-0.1867; 34011;
-0.1752; 34126;
-0.1392; 34240;
-0.1927; 34354;
-0.0995; 34468;
-0.1036; 34582;
-0.2601; 34697;
-0.1512; 34811;
-0.1188; 34925;
-0.1609; 35039;
-0.2061; 35153;
-0.1909; 35268;
-0.1119; 35382;
-0.0907; 35496;
-0.1138; 35610;
-0.0353; 35724;
-0.1456; 35839;
-0.0371; 35953;
0.0016; 36067;
-0.0985; 36193;
-0.0514; 36307;
0.0118; 36421;
-0.0445; 36535;
0.0183; 36649;
0.0954; 36764;
0.0437; 36878;
0.0340; 36992;
0.1055; 37106;
0.0529; 37221;
-0.0237; 37335;
0.0557; 37449;
0.1000; 37563;
0.1272; 37677;
0.1083; 37792;
0.0432; 37906;
-0.0681; 38020;
-0.0482; 38134;
-0.0127; 38248;
-0.0413; 38363;
-0.0501; 38477;
0.1748; 38591;
0.1665; 38705;
0.1757; 38820;
0.0958; 38934;
0.1254; 39254;
0.1318; 39368;
0.1900; 39482;
0.1983; 39596;
0.1272; 39710;
0.1221; 39825;
0.1798; 39950;
0.0612; 40076;
0.0284; 40190;
-0.0136; 40304;
-0.0067; 40419;
0.0441; 40533;
0.0413; 40647;
0.1037; 40761;
0.0072; 40875;
-0.0279; 40990;
0.0257; 41104;
-0.0344; 41218;
-0.0284; 41332;
-0.0233; 41446;
-0.0325; 41561;
0.0806; 41675;
-0.0344; 41789;
-0.0935; 41903;
0.0187; 42017;
0.0067; 42132;
-0.0417; 42246;
-0.0311; 42360;
-0.0524; 42474;
-0.0210; 42589;
0.0626; 42703;
-0.0528; 42817;
-0.0718; 42931;
-0.0127; 43045;
-0.0385; 43160;
-0.0334; 43274;
0.0312; 43388;
0.0257; 43514;
0.0173; 43628;
0.0815; 43742;
0.0866; 43856;
0.0169; 43970;
-0.0381; 44085;
0.0377; 44199;
0.1641; 44313;
0.1004; 44427;
0.1660; 44541;
0.0215; 44655;
0.0464; 44770;
0.0686; 44884;
0.2062; 44998;
0.0450; 45112;
-0.0030; 45226;
-0.0787; 45341;
-0.0681; 45455;
-0.1655; 45569;
-0.0491; 45683;
-0.1373; 45797;
-0.1091; 45912;
-0.1419; 46026;
-0.2536; 46140;
-0.2195; 46460;
-0.2269; 46574;
-0.0367; 46688;
0.0067; 46802;
0.3917; 46916;
0.6382; 47031;
0.5773; 47145;
0.5787; 47270;
0.5330; 47396;
0.5925; 47510;
0.4596; 47624;
0.4264; 47738;
0.4448; 47853;
0.3645; 47967;
0.3650; 48081;
0.3391; 48195;
0.3945; 48309;
0.1480; 48424;
0.2052; 48538;
0.1969; 48652;
0.2906; 48766;
0.1978; 48880;
0.1484; 48994;
0.1314; 49109;
0.0903; 49223;
0.1004; 49337;
-0.0108; 49451;
-0.1239; 49565;
-0.0819; 49679;
-0.0104; 49794;
-0.1119; 49908;
-0.0367; 50022;
0.1757; 50136;
0.1595; 50250;
0.1655; 50365;
0.1106; 50479;
0.0847; 50593;
0.0086; 50707;
-0.1904; 50821;
-0.1922; 50947;
-0.2624; 51061;
-0.2472; 51175;
-0.2329; 51289;
-0.2296; 51403;
-0.2495; 51518;
-0.1895; 51632;
-0.1424; 51746;
-0.1091; 51860;
-0.1719; 51974;
-0.2015; 52088;
-0.2144; 52203;
-0.2583; 52317;
-0.2056; 52431;
-0.0694; 52545;
-0.2218; 52659;
-0.0958; 52773;
-0.2236; 52888;
-0.1576; 53002;
-0.1973; 53116;
-0.3063; 53230;
-0.2490; 53550;
-0.1955; 53664;
-0.2569; 53778;
-0.2172; 53892;
-0.1442; 54006;
-0.1170; 54120;
-0.2661; 54235;
-0.2379; 54349;
-0.2112; 54463;
-0.1992; 54588;
-0.1701; 54714;
-0.1978; 54828;
-0.2661; 54942;
-0.2010; 55056;
-0.2398; 55171;
-0.2056; 55285;
-0.1936; 55399;
-0.2744; 55513;
-0.2920; 55627;
-0.2259; 55741;
-0.3247; 55855;
-0.3598; 55970;
-0.3192; 56084;
-0.2356; 56198;
-0.0884; 2696;
0.0210; 2810;
-0.0247; 2924;
0.0455; 3039;
0.0238; 3153;
0.0183; 3267;
0.0030; 3381;
0.0935; 3495;
0.0538; 3609;
-0.0482; 3723;
0.0547; 3838;
0.0690; 3952;
0.1060; 4066;
-0.0334; 4180;
0.0649; 4294;
-0.0995; 4408;
0.0810; 4522;
0.0640; 4648;
-0.0201; 4762;
0.0843; 4876;
0.0381; 4990;
0.0132; 5104;
0.1609; 5218;
0.1212; 5333;
0.0183; 5447;
0.0635; 5561;
0.0843; 5675;
0.0797; 5789;
0.0991; 5903;
0.0510; 6017;
-0.0150; 6132;
0.0967; 6246;
0.1355; 6360;
0.0575; 6474;
0.0621; 6588;
0.0418; 6702;
0.0644; 6816;
0.1074; 7136;
0.0626; 7250;
0.0907; 7364;
0.1226; 7478;
0.1572; 7593;
3.3217; 7707;
2.7479; 7821;
2.5545; 7935;
2.4220; 8049;
2.2711; 8163;
2.2267; 8277;
2.0065; 8403;
1.8644; 8517;
1.7586; 8631;
1.4489; 8757;
1.4406; 8871;
1.3136; 8985;
1.2578; 9099;
1.4004; 9213;
1.2716; 9327;
1.6511; 9441;
2.3108; 9556;
2.5974; 9670;
2.0666; 9784;
0.4107; 9898;
0.0884; 10012;
0.1738; 10126;
0.1992; 10240;
0.1780; 10355;
0.2408; 10469;
0.2048; 10583;
0.1572; 10697;
0.1475; 10811;
0.2034; 10925;
0.1595; 11039;
0.2366; 11153;
0.2334; 11268;
0.3114; 11382;
0.2523; 11496;
0.2311; 11610;
0.2288; 11724;
0.2712; 11838;
0.2994; 11952;
0.2325; 12067;
0.2426; 12181;
0.2371; 12295;
0.3345; 12409;
0.2394; 12535;
0.2620; 12649;
0.2472; 12763;
0.1858; 12877;
0.3700; 12991;
0.2759; 13105;
0.3608; 13219;
0.3091; 13334;
0.2403; 13448;
0.3363; 13562;
0.2486; 13676;
0.3114; 13790;
0.3585; 13904;
0.3917; 14224;
0.4120; 14338;
0.3414; 14452;
0.3516; 14566;
0.3497; 14681;
0.3257; 14795;
0.4116; 14909;
0.3340; 15023;
0.3419; 15137;
0.3322; 15251;
0.3585; 15365;
0.3165; 15480;
0.3409; 15594;
0.2925; 15719;
0.2966; 15833;
0.2837; 15948;
0.2879; 16062;
0.3160; 16176;
0.3179; 16290;
0.3548; 16416;
0.3483; 16530;
0.3197; 16644;
0.2565; 16758;
0.2920; 16872;
0.3156; 16986;
0.4042; 17101;
0.3045; 17215;
0.3760; 17329;
0.2846; 17443;
0.3700; 17557;
0.3830; 17671;
0.3322; 17786;
0.4250; 17900;
0.3557; 18014;
0.4324; 18128;
0.2745; 18242;
0.3576; 18356;
0.3382; 18471;
0.3433; 18585;
0.3146; 18699;
0.3770; 18813;
0.3363; 18927;
0.3479; 19041;
0.3479; 19156;
0.3534; 19270;
0.2828; 19384;
0.3502; 19498;
0.3765; 19612;
0.3382; 19726;
0.3843; 19841;
0.4901; 19955;
0.4420; 20080;
0.3977; 20194;
0.2934; 20309;
0.4028; 20423;
0.3682; 20537;
0.2791; 20651;
0.3677; 20765;
0.3133; 20879;
0.3109; 20994;
0.3516; 21108;
0.4416; 21428;
0.4670; 21542;
0.4236; 21656;
0.3908; 21770;
0.4767; 21884;
0.4157; 21998;
0.5491; 22113;
0.8695; 22227;
1.1627; 22341;
1.2665; 22455;
1.1927; 22569;
1.3173; 22683;
1.4581; 22798;
1.3621; 22912;
1.1123; 23037;
1.1156; 23152;
1.4180; 23266;
1.6774; 23380;
5.0640; 23494;
6.6137; 23608;
0.4596; 23722;
0.4153; 23837;
0.4259; 23962;
0.3839; 24076;
0.3686; 24191;
0.4037; 24305;
0.4028; 24419;
0.3119; 24533;
0.4028; 24647;
0.3913; 24761;
0.3917; 24876;
0.2943; 24990;
0.4324; 25104;
0.4190; 25218;
0.4577; 25332;
0.4042; 25446;
0.3839; 25561;
0.4047; 25675;
0.4541; 25789;
0.4702; 25903;
0.3626; 26017;
0.3770; 26131;
0.3488; 26246;
0.4157; 26360;
0.3682; 26474;
0.3169; 26588;
0.4342; 26702;
0.4328; 26817;
0.4420; 26931;
0.3091; 27045;
0.2989; 27159;
0.3927; 27273;
0.4171; 27387;
0.4240; 27502;
0.4577; 27627;
0.3867; 27741;
0.4347; 27856;
0.3603; 27970;
0.3548; 28084;
0.4051; 28198;
0.4480; 28518;
0.4157; 28632;
0.4661; 28746;
0.4402; 28860;
0.3871; 28975;
0.4619; 29089;
0.2648; 29203;
0.4102; 29317;
0.3917; 29431;
0.3673; 29546;
0.4144; 29660;
0.4074; 29774;
0.4291; 29888;
0.3959; 30002;
0.4162; 30116;
0.4130; 30231;
0.3816; 30356;
0.4176; 30470;
0.3359; 30585;
0.3871; 30699;
0.3636; 30813;
0.3543; 30927;
0.4480; 31041;
0.3511; 31156;
0.3608; 31270;
0.3770; 31384;
0.3737; 31510;
0.3968; 31624;
0.3488; 31738;
0.3525; 31852;
0.3746; 31966;
0.4231; 32081;
0.4116; 32195;
0.2966; 32309;
0.3289; 32423;
0.3654; 32537;
0.3202; 32652;
0.2939; 32766;
0.3294; 32880;
0.3322; 32994;
0.2712; 33108;
1.4770; 33223;
4.4306; 33337;
4.2612; 33451;
4.3590; 33565;
4.2824; 33679;
4.1975; 33794;
4.4661; 33908;
3.6846; 34022;
4.1818; 34136;
5.0427; 34250;
6.2988; 34364;
7.3505; 34479;
6.4087; 34593;
0.3193; 34707;
0.2343; 34821;
0.2957; 34935;
0.3474; 35050;
0.4167; 35175;
0.3359; 35289;
0.3867; 35404;
0.2934; 35723;
0.3003; 35837;
0.3386; 35952;
0.3987; 36066;
0.3927; 36180;
0.3243; 36294;
0.3119; 36408;
0.2980; 36523;
0.3257; 36637;
0.3714; 36751;
6.9507; 36865;
6.1724; 36979;
4.5045; 37094;
7.1146; 37208;
7.2877; 37322;
6.3801; 37436;
6.7545; 37550;
7.6727; 37676;
6.3741; 37790;
7.3758; 37904;
0.5676; 38018;
0.3285; 38133;
0.3493; 38247;
0.3760; 38361;
0.3456; 38475;
0.3539; 38589;
0.3146; 38704;
0.3345; 38818;
0.3594; 38932;
0.4453; 39046;
0.4388; 39160;
0.3165; 39275;
0.4130; 39389;
0.3742; 39503;
2.9049; 39617;
3.6597; 39731;
4.3383; 39846;
4.4597; 39960;
3.6587; 40074;
2.1704; 40188;
1.2444; 40302;
0.9688; 40417;
1.3519; 40531;
1.9908; 40645;
2.6990; 40759;
2.7253; 40873;
0.8815; 40988;
0.4282; 41102;
0.3590; 41216;
0.4693; 41330;
0.3456; 41444;
0.4707; 41559;
0.3728; 41673;
0.3433; 41787;
0.3640; 41901;
0.4097; 42015;
0.3594; 42130;
0.4333; 42244;
0.3802; 42358;
0.4028; 42472;
0.3931; 42586;
0.2736; 42918;
-0.4120; 43032;
-0.7079; 43146;
-1.0287; 43260;
-1.0754; 43374;
-1.1344; 43489;
-1.0223; 43603;
-1.0070; 43717;
-0.8261; 43831;
-0.5985; 43945;
0.0330; 44060;
0.4771; 44174;
0.3580; 44288;
0.1720; 44402;
0.0160; 44516;
0.1032; 44631;
0.9291; 44745;
1.2024; 44859;
1.1871; 44985;
1.1327; 45099;
1.0828; 45213;
1.0228; 45327;
0.5990; 45441;
0.2717; 45556;
0.3197; 45670;
0.2976; 45784;
0.3470; 45898;
0.2772; 46012;
0.2412; 46127;
0.2477; 46241;
0.2703; 46355;
0.3119; 46481;
0.2126; 46595;
0.2634; 46709;
0.2906; 46823;
0.2191; 46938;
0.2874; 47052;
0.3068; 47166;
0.3313; 47280;
0.3202; 47394;
0.3146; 47509;
0.3733; 47623;
0.3068; 47737;
0.2648; 47851;
0.3031; 47965;
0.3289; 48080;
0.4462; 48194;
0.4605; 48308;
0.3922; 48422;
0.4217; 48536;
0.4014; 48651;
0.5039; 48765;
0.5376; 48879;
0.5251; 48993;
0.5168; 49107;
0.3982; 49222;
0.5547; 49336;
0.5210; 49450;
0.4074; 49564;
0.5367; 49678;
0.3229; 49998;
0.3086; 50112;
0.3954; 50227;
0.3811; 50352;
0.3548; 50466;
0.4254; 50581;
0.2851; 50695;
0.2874; 50809;
0.2934; 50923;
0.3188; 51038;
0.3105; 51152;
0.2634; 51266;
0.3465; 51380;
0.3146; 51494;
0.3169; 51609;
0.2606; 51723;
0.2652; 51837;
0.2445; 51951;
0.2145; 52066;
0.1281; 52180;
0.1845; 52305;
0.1849; 52420;
0.1683; 52534;
0.2971; 52648;
0.2883; 52762;
0.3359; 52876;
0.3086; 52991;
0.3677; 53105;
0.3156; 53219;
0.2805; 53333;
0.2842; 53448;
0.3045; 53562;
0.3571; 53676;
-0.2555; 53790;
-0.1590; 53904;
0.1277; 54030;
0.6696; 54144;
1.6779; 54259;
2.0707; 54373;
1.9645; 54487;
1.7850; 54601;
1.7854; 54715;
1.3722; 54830;
1.6954; 54944;
2.7175; 55058;
1.3875; 55172;
0.1895; 55286;
0.3326; 55401;
0.2809; 55515;
0.2098; 55629;
0.1743; 55743;
0.2509; 55858;
0.2237; 55972;
0.1683; 56086;
0.2902; 56200;
0.2075; 56314;
0.0907; 56429;
0.1923; 56543;
0.1969; 56657;
0.2094; 56771;
0.2089; 56886;
0.2352; 57205;
-0.0616; 57320;
-0.4309; 57434;
-0.2758; 57548;
-0.0898; 57662;
-0.0265; 57777;
0.1101; 57914;
0.4065; 58028;
0.9549; 58142;
1.4567; 58256;
2.0767; 58371;
2.1473; 58485;
2.0652; 58599;
2.5550; 58713;
3.9611; 58827;
6.5481; 58942;
3.7395; 59056;
0.1835; 59170;
0.0917; 59284;
0.0944; 59399;
0.1531; 59513;
0.1701; 59627;
0.1392; 59741;
0.1147; 59856;
0.1166; 59970;
0.0977; 60084;
0.2085; 60198;
0.1978; 60312;
0.1337; 60427;
0.1286; 60541;
0.0492; 60655;
0.1157; 60769;
0.1826; 60883;
0.1540; 60998;
0.1669; 61112;
0.1891; 61226;
0.1826; 61340;
0.1060; 61455;
0.1928; 61580;
0.1180; 61694;
0.1304; 61809;
0.0884; 61923;
0.1623; 62037;
0.1415; 62151;
0.1489; 62266;
0.1092; 62380;
0.1295; 62494;
0.1932; 62608;
0.1858; 62722;
0.1535; 62837;
0.1254; 62951;
0.1600; 63065;
0.1341; 63179;
0.1157; 63294;
0.1258; 63408;
0.2362; 63522;
0.2666; 63636;
0.1609; 63750;
0.3119; 63865;
0.2283; 64185;
0.1918; 64299;
0.2025; 64413;
0.2006; 64527;
0.2218; 64641;
0.2320; 64756;
0.1018; 64870;
0.2122; 64984;
0.1725; 65098;
0.1074; 65213;
0.0750; 65327;
0.1512; 65452;
0.0870; 65567;
0.1531; 65681;
0.2214; 65795;
0.1641; 65909;
0.1992; 66024;
0.2403; 66138;
0.1434; 66252;
0.1609; 66366;
0.1941; 66480;
0.1434; 66595;
0.1817; 66709;
0.1997; 66835;
0.1637; 66949;
0.1845; 67063;
0.1955; 67177;
0.1775; 67291;
0.2846; 67406;
0.2380; 67520;
0.1618; 67634;
0.3059; 67748;
0.2703; 67863;
0.2131; 67977;
0.2920; 68091;
0.2777; 68205;
0.2408; 68320;
0.2218; 68434;
0.2228; 68548;
0.2805; 68662;
0.2648; 68777;
0.1937; 68891;
0.3077; 69005;
0.3553; 69131;
0.2417; 69245;
0.3022; 69359;
0.2389; 69473;
0.2796; 69588;
0.2736; 69702;
0.2643; 69816;
0.1826; 69930;
0.1785; 70045;
0.2154; 70159;
0.2897; 70273;
0.2140; 70387;
0.1785; 70501;
0.2325; 70616;
0.2223; 70730;
0.2071; 70844;
0.2149; 70958;
0.1881; 71073;
0.1785; 71392;
0.1328; 71507;
0.1821; 71621;
0.2532; 71735;
0.2385; 71849;
0.2297; 71964;
0.1434; 72078;
0.2292; 72192;
0.1918; 72306;
0.2680; 72421;
0.2131; 72535;
0.1364; 72649;
0.2371; 72763;
0.2274; 72877;
0.1965; 73003;
0.1129; 73117;
0.2237; 73232;
0.2057; 73346;
0.1941; 73460;
0.1175; 73574;
0.1424; 73689;
0.2916; 73803;
0.2375; 73917;
0.2597; 74031;
0.1826; 74157;
0.0847; 74271;
0.1706; 74385;
0.1147; 74500;
0.0709; 74614;
0.1591; 74728;
0.1452; 74842;
0.0727; 74957;
0.0995; 75071;
0.0861; 75185;
0.0561; 75299;
0.1632; 75413;
0.0935; 75528;
0.1471; 75642;
0.2182; 75756;
0.2020; 75870;
0.1609; 75985;
0.1267; 76099;
0.1646; 76213;
0.1540; 76327;
0.0423; 76442;
0.2002; 76556;
0.1918; 76682;
0.1817; 76796;
0.1254; 76910;
0.2015; 77024;
0.2228; 77139;
0.2062; 77253;
0.2158; 77367;
0.2472; 77481;
0.2329; 77596;
0.1544; 77710;
0.2685; 77824;
0.1591; 77938;
0.1351; 78053;
0.0958; 78167;
0.2588; 78487;
0.1877; 78601;
0.2440; 78715;
0.2071; 78829;
0.2639; 78944;
0.1124; 79058;
0.2168; 79172;
0.2002; 79286;
0.1960; 79401;
0.3049; 79515;
0.3622; 79629;
0.3073; 79743;
0.2209; 79858;
0.1517; 79972;
0.2472; 80086;
0.1443; 80200;
0.1845; 80315;
0.2588; 80429;
0.2011; 80555;
0.1845; 80669;
0.2117; 80783;
0.1697; 80897;
0.2043; 81012;
0.1328; 81126;
0.2200; 81240;
0.1872; 81354;
0.1817; 81480;
0.2094; 81594;
0.2385; 81708;
0.1868; 81823;
0.2232; 81937;
0.1203; 82051;
0.1448; 82165;
0.2108; 82280;
0.2145; 82394;
0.2569; 82508;
0.1457; 82622;
0.0741; 82737;
0.1549; 82851;
1.1045; 82965;
1.4313; 83079;
1.0366; 83194;
1.0357; 83308;
1.4447; 83422;
2.2374; 83536;
3.3444; 83651;
2.9801; 83765;
3.1560; 83879;
3.6587; 83993;
3.1440; 84108;
2.5628; 84233;
2.5097; 84348;
2.3431; 84462;
0.9951; 84576;
1.0902; 84690;
1.1941; 84805;
0.2297; 84919;
0.3091; 85033;
0.3253; 85147;
0.2163; 85262;
0.2523; 85376;
0.3054; 85696;
0.2038; 85810;
0.2126; 85924;
0.2519; 86039;
0.2085; 86153;
0.1789; 86267;
0.2920; 86381;
0.2500; 86496;
0.2528; 86610;
0.2011; 86724;
0.2459; 86838;
0.1881; 86953;
0.2214; 87067;
0.2140; 87181;
0.2232; 87295;
0.3128; 87410;
0.2980; 87524;
0.3059; 87638;
0.3216; 87752;
0.2994; 87867;
0.3119; 87981;
0.2459; 88107;
0.3073; 88221;
0.2412; 88335;
0.2237; 88449;
0.1697; 88564;
0.2542; 88678;
0.2943; 88804;
0.2403; 88918;
0.2625; 89032;
0.1711; 89146;
0.2094; 89261;
0.1637; 89375;
0.1632; 89489;
0.1129; 89603;
0.1346; 89718;
0.1069; 89832;
0.1189; 89946;
0.0810; 90060;
0.1614; 90175;
0.1249; 90289;
0.1171; 90403;
0.1628; 90517;
0.0889; 90632;
0.1332; 90746;
0.1281; 90860;
0.1508; 90974;
0.1295; 91089;
0.1438; 91203;
0.2274; 91317;
0.2075; 91432;
0.1974; 91546;
0.0395; 91660;
0.1614; 91786;
0.1503; 91900;
0.1909; 92014;
0.0395; 92129;
0.1595; 92243;
0.1692; 92357;
0.1037; 92471;
0.0981; 92791;
0.1383; 92906;
0.1194; 93020;
0.0718; 93134;
0.0838; 93248;
0.0340; 93363;
0.0774; 93477;
0.0954; 93591;
0.0492; 93705;
0.0995; 93820;
0.0275; 93934;
0.0543; 94048;
0.0810; 94162;
0.0192; 94277;
0.1249; 94391;
0.1318; 94505;
0.1443; 94620;
0.1138; 94734;
0.0681; 94848;
0.1323; 94962;
0.1337; 95077;
0.1157; 95191;
0.1221; 95305;
0.1272; 95419;
0.1041; 95534;
0.1055; 95659;
0.1498; 95774;
0.1138; 95888;
0.1383; 96002;
0.1498; 96116;
0.0986; 96231;
0.1863; 96345;
0.1087; 96459;
0.1937; 96573;
0.1494; 96688;
0.2057; 96802;
0.0437; 96916;
0.0815; 97031;
0.0958; 97145;
0.0127; 97259;
0.0797; 97373;
0.1309; 97488;
0.1189; 97602;
0.1291; 97716;
0.0820; 97830;
0.2108; 97945;
0.1392; 98059;
0.1397; 98173;
0.1434; 98287;
0.1715; 98402;
-0.3063; 98516;
-0.3344; 98630;
0.2375; 98745;
1.0071; 98859;
1.9161; 98973;
3.0665; 99087;
4.2155; 99213;
4.8973; 99327;
5.6636; 99442;
5.9268; 99556;
5.6659; 99670;
3.8480; 99990;
3.0923; 100104;
2.7664; 100219;
1.9105; 100333;
0.7366; 100447;
0.1406; 100561;
0.1697; 100676;
0.1586; 100790;
0.0630; 100904;
0.1660; 101019;
0.1955; 101133;
0.0750; 101247;
0.1900; 101361;
0.2389; 101476;
0.1577; 101590;
0.2431; 101704;
0.1475; 101818;
0.1420; 101933;
0.2768; 102047;
0.1577; 102161;
0.2135; 102275;
0.1420; 102390;
0.1757; 102504;
0.1614; 102618;
0.1064; 102733;
0.0912; 102847;
0.1138; 102972;
0.2131; 103087;
0.3857; 103201;
0.6484; 103315;
1.3399; 103441;
1.4941; 103555;
1.3547; 103670;
0.1184; 103784;
0.5505; 103898;
0.6872; 104012;
-0.3275; 104127;
-0.4817; 104241;
-0.4074; 104355;
-0.3811; 104469;
0.0478; 104584;
0.6876; 104698;
0.4707; 104812;
0.0317; 104926;
0.0857; 105041;
0.1378; 105155;
0.1489; 105269;
0.1512; 105384;
0.1018; 105498;
0.1531; 105612;
0.0963; 105726;
0.0764; 105841;
0.0870; 105955;
0.1517; 106069;
0.1355; 106183;
0.1051; 106298;
0.0718; 106423;
0.1060; 106538;
-0.1308; 106652;
0.0723; 106766;
0.0829; 107086;
0.1434; 107200;
0.1055; 107315;
0.0570; 107429;
0.1078; 107543;
0.1812; 107657;
0.1484; 107772;
0.1272; 107886;
0.1383; 108000;
0.1078; 108114;
0.1014; 108229;
0.1055; 108343;
0.1886; 108457;
0.0963; 108571;
0.1701; 108686;
0.1272; 108800;
0.1420; 108914;
0.0801; 109029;
0.1240; 109143;
0.0815; 109257;
0.2020; 109371;
0.0635; 109486;
0.0280; 109600;
0.0390; 109714;
0.0801; 109828;
-0.0242; 109943;
0.0533; 110068;
0.1258; 110183;
0.0967; 110297;
0.0981; 110411;
0.0215; 110525;
0.0778; 110640;
0.1009; 110765;
0.0704; 110880;
-0.0551; 110994;
0.0677; 111108;
0.1092; 111222;
0.1803; 111337;
0.0921; 111451;
0.0954; 111565;
0.0995; 111679;
0.1124; 111794;
0.0026; 111908;
0.2117; 112022;
0.0275; 112136;
0.9679; 112251;
1.7282; 112365;
1.8625; 112479;
1.7983; 112593;
1.7139; 112708;
1.7152; 112822;
1.7439; 112936;
1.8667; 113050;
2.0509; 113165;
2.2060; 113279;
1.3409; 113393;
0.0109; 113508;
-0.0150; 113622;
-0.0501; 113736;
-0.0907; 113850;
-0.0168; 113965;
0.1184; 114285;
0.0894; 114399;
0.0257; 114513;
-0.0145; 114627;
-0.0140; 114742;
-0.0473; 114856;
0.0058; 114970;
-0.0496; 115084;
-0.1313; 115199;
-0.1521; 115313;
-0.0196; 115427;
-0.0390; 115542;
0.0081; 115656;
-0.0261; 115770;
0.0594; 115884;
0.0792; 115999;
0.0446; 116113;
-0.0371; 116227;
-0.0099; 116341;
0.1087; 116456;
0.0127; 116570;
-0.0417; 116684;
-0.0214; 116798;
0.0533; 116913;
-0.0090; 117038;
-0.0741; 117153;
0.0132; 117267;
0.0649; 117381;
-0.0237; 117495;
0.0053; 117610;
0.0635; 117724;
0.0903; 117838;
0.0183; 117952;
0.0894; 118078;
0.0769; 118192;
0.0063; 118307;
0.0612; 118421;
0.0178; 118535;
0.0340; 118649;
-0.0274; 118764;
-0.0219; 118878;
0.0280; 118992;
-0.0016; 119106;
0.0594; 119221;
0.0954; 119335;
0.0363; 119449;
0.0413; 119564;
0.1087; 119678;
0.1374; 119792;
0.0321; 119906;
0.0270; 120021;
0.0307; 120135;
0.0063; 120249;
0.1448; 120363;
0.0907; 120489;
0.1097; 120603;
0.0907; 120718;
0.0552; 120832;
0.0764; 120946;
0.0778; 121060;
0.0483; 121380;
-0.0168; 121506;
-0.0210; 121620;
0.0173; 121735;
0.0570; 121849;
0.0903; 121963;
-0.0214; 122077;
0.0238; 122192;
0.0473; 122306;
0.0455; 122420;
0.0538; 122534;
0.1115; 122649;
0.0501; 122763;
0.1032; 122877;
0.1097; 122991;
0.0016; 123106;
0.0640; 123220;
0.1115; 123334;
0.0007; 123449;
0.0981; 123563;
0.0677; 123677;
0.0409; 123791;
0.1258; 123906;
0.6230; 124020;
1.4295; 124146;
1.3616; 124260;
1.2518; 124374;
0.9868; 124488;
1.1382; 124603;
1.2033; 124717;
1.0920; 124831;
0.9005; 124945;
0.5768; 125060;
0.3686; 125174;
0.3285; 125288;
0.1711; 125414;
0.0164; 125528;
0.0783; 125642;
0.1877; 125757;
0.2440; 125871;
0.2985; 125985;
0.3774; 126099;
0.2689; 126214;
0.1960; 126328;
0.1489; 126442;
0.2158; 126556;
0.1568; 126671;
0.0529; 126785;
0.0787; 126899;
0.1143; 127013;
0.1461; 127128;
0.1351; 127242;
0.1420; 127356;
0.2389; 127471;
0.1512; 127596;
0.0437; 127710;
0.1752; 127825;
0.3133; 127939;
0.2929; 128053;
0.1152; 128168;
0.1734; 128282;
0.2463; 128602;
0.1946; 128716;
0.1364; 128830;
0.2865; 128945;
0.2934; 129059;
0.1189; 129173;
0.1023; 129287;
0.0935; 129402;
0.1997; 129516;
0.0746; 129630;
0.1295; 129744;
0.1521; 129859;
0.0326; 129973;
0.0118; 130087;
0.0220; 130201;
0.1577; 130316;
0.1388; 130430;
0.2754; 130544;
0.4785; 130658;
0.7795; 130773;
1.1271; 130887;
1.6959; 131001;
1.0625; 131115;
0.0792; 131241;
0.0774; 131355;
0.0857; 131470;
0.0455; 131584;
-0.0251; 131698;
0.0515; 131812;
0.0510; 131927;
0.1665; 132041;
0.1775; 132155;
0.1549; 132269;
0.1046; 132384;
0.1651; 132498;
0.1157; 132612;
0.1147; 132738;
-0.0048; 132852;
0.0584; 132966;
0.0196; 133081;
0.0372; 133195;
-0.0030; 133309;
0.0857; 133424;
-0.0164; 133538;
0.0395; 133652;
0.0603; 133766;
0.0478; 133881;
0.1074; 133995;
0.1267; 134109;
0.0912; 134223;
0.0921; 134338;
0.1604; 134452;
0.1328; 134566;
0.1512; 134692;
0.1406; 134806;
0.1364; 134920;
0.1051; 135035;
0.0981; 135149;
0.0543; 135263;
0.0086; 135377;
0.1632; 135697;
0.1789; 135811;
0.1595; 135926;
0.1212; 136040;
0.2200; 136154;
0.1355; 136268;
0.0884; 136383;
0.0487; 136497;
0.0367; 136611;
0.1397; 136725;
0.1997; 136840;
0.1586; 136954;
0.0880; 137068;
0.1434; 137182;
0.1868; 137297;
0.1244; 137411;
0.1665; 137525;
0.1138; 137639;
0.1512; 137754;
0.1632; 137868;
0.1960; 137982;
0.1738; 138096;
0.1364; 138211;
0.1337; 138336;
-0.5297; 138451;
-0.5255; 138565;
-0.5814; 138679;
-0.5066; 138793;
-0.4854; 138908;
-0.5315; 139022;
-0.5763; 139136;
-0.7351; 139250;
-0.5025; 139365;
3.4658; 139479;
7.7479; 139593;
1.1377; 139707;
0.1697; 139822;
0.1438; 139936;
0.1983; 140062;
0.1494; 140176;
0.1415; 140290;
0.1064; 140404;
0.2334; 140519;
0.1521; 140633;
0.1683; 140747;
0.1207; 140862;
0.1535; 140976;
0.1471; 141090;
0.1651; 141204;
0.0921; 141319;
0.1180; 141433;
0.1558; 141547;
0.1466; 141661;
0.1032; 141776;
0.1184; 141890;
0.0967; 142004;
0.0598; 142118;
0.1004; 142233;
0.1244; 142347;
0.0718; 142461;
0.1775; 142575;
0.0870; 142895;
0.0441; 143009;
0.1540; 143124;
0.0921; 143238;
0.0995; 143352;
0.1448; 143467;
0.0409; 143581;
0.1314; 143695;
0.0718; 143809;
0.1503; 143924;
0.1037; 144038;
0.0737; 144152;
0.1503; 144266;
0.0852; 144381;
0.1328; 144495;
0.0418; 144609;
0.0270; 144723;
-0.0011; 144838;
0.0774; 144952;
0.0931; 145066;
0.0584; 145180;
0.1106; 145295;
0.0889; 145420;
0.1055; 145535;
0.0769; 145649;
0.0220; 145763;
0.0141; 145877;
0.0524; 145992;
0.0113; 146106;
0.0132; 146220;
0.0460; 146334;
0.0921; 146449;
0.0778; 146563;
0.0072; 146677;
0.0395; 146792;
0.0118; 146906;
0.0806; 147020;
0.0501; 147134;
0.0423; 147249;
0.0460; 147363;
-0.0574; 147477;
0.0506; 147591;
0.0224; 147706;
0.0118; 147820;
0.0690; 147934;
0.1115; 148048;
0.0473; 148163;
0.0561; 148277;
0.0016; 148391;
0.0155; 148505;
0.0852; 148620;
0.0413; 148734;
0.0206; 148860;
0.0317; 148974;
0.0178; 149088;
0.1097; 149202;
0.0016; 149317;
-0.0173; 149431;
-0.0311; 149545;
0.0196; 149659;
0.0220; 149774;
-0.0080; 150094;
0.0672; 150208;
0.0095; 150322;
0.0861; 150436;
0.0289; 150551;
0.0229; 150665;
0.0450; 150779;
0.0630; 150893;
-0.0062; 151008;
0.0164; 151122;
0.0589; 151236;
-0.0302; 151351;
-0.0007; 151465;
-0.0251; 151579;
0.0293; 151693;
0.0113; 151808;
0.0884; 151922;
-0.0616; 152036;
-0.0196; 152150;
0.0557; 152265;
0.0529; 152390;
0.1129; 152505;
-0.0067; 152619;
0.0390; 152733;
0.0358; 152847;
0.0741; 152962;
0.0021; 153076;
-0.0390; 153190;
0.0293; 153304;
-0.0847; 153419;
0.0501; 153533;
-0.0099; 153647;
-0.0214; 153761;
-0.0454; 153876;
-0.0279; 153990;
0.0146; 154104;
0.0141; 154218;
-0.0339; 154333;
0.0007; 154447;
-0.0477; 154561;
0.0206; 154676;
0.0349; 154801;
0.1286; 154915;
-0.0182; 155030;
0.0501; 155144;
0.0746; 155258;
0.0524; 155373;
0.0681; 155487;
0.0760; 155601;
0.0506; 155715;
0.0561; 155841;
0.0395; 155955;
0.0437; 156070;
0.0081; 156184;
0.0113; 156298;
-0.0625; 156412;
-0.0293; 156527;
0.0081; 156641;
0.0829; 156755;
-0.0805; 156869;
0.0386; 157189;
-0.0981; 157304;
-0.0007; 157418;
0.0123; 157532;
-0.0653; 157646;
0.0667; 157761;
-0.0538; 157875;
0.0289; 157989;
0.0293; 158103;
-0.0117; 158218;
0.0432; 158332;
0.0727; 158446;
-0.0104; 158560;
0.0575; 158675;
0.0395; 158789;
0.0469; 158903;
-0.0094; 159017;
0.0427; 159132;
0.1069; 159246;
0.0843; 159372;
0.0441; 159486;
0.1083; 159600;
0.0363; 159714;
0.0949; 159829;
-0.0519; 159943;
0.0372; 160057;
0.0104; 160171;
-0.0838; 160286;
-0.0067; 160400;
0.0460; 160514;
0.0658; 160628;
0.0501; 160743;
0.1032; 160857;
0.1212; 160971;
0.1120; 161085;
0.0584; 161200;
0.1120; 161314;
0.0095; 161428;
0.1064; 161542;
0.0141; 161657;
0.0963; 161771;
0.1101; 161885;
-0.0053; 161999;
0.0510; 162125;
0.0700; 162239;
0.0280; 162354;
0.0644; 162468;
0.0700; 162582;
0.1457; 162696;
0.1018; 162822;
0.1064; 162936;
0.0741; 163051;
-0.0205; 163165;
0.0958; 163279;
0.1364; 163393;
0.1129; 163508;
0.1401; 163622;
0.0783; 163736;
-0.0117; 163850;
0.0603; 163965;
0.0935; 164079;
0.1932; 164399;
0.0760; 164513;
0.1517; 164627;
0.1106; 164742;
0.1983; 164856;
0.0635; 164970;
0.1909; 165084;
0.1669; 165199;
0.0450; 165313;
0.0931; 165427;
0.1512; 165541;
0.1572; 165656;
0.1734; 165770;
0.1277; 165884;
0.0921; 165998;
0.0220; 166113;
0.1448; 166227;
0.1858; 166341;
0.0912; 166467;
0.1240; 166581;
0.0377; 166695;
0.1106; 166810;
0.0834; 166924;
0.1780; 167038;
0.1660; 167153;
0.0944; 167267;
0.1198; 167381;
0.0183; 167495;
0.1332; 167610;
0.0377; 167724;
0.1641; 167838;
0.1498; 167952;
0.1420; 168067;
0.1032; 168181;
0.1092; 168295;
0.0926; 168409;
0.1212; 168524;
0.0792; 168638;
0.0954; 168752;
0.0806; 168866;
0.1355; 168981;
0.1969; 169095;
0.1351; 169209;
0.1609; 169323;
0.2140; 169449;
0.1729; 169563;
0.2025; 169678;
0.1448; 169792;
0.2117; 169918;
0.1674; 170032;
0.2274; 170146;
0.1397; 170260;
0.1572; 170375;
0.1669; 170489;
0.1692; 170603;
0.2089; 170718;
0.1452; 170832;
0.1655; 170946;
0.1328; 171060;
0.1161; 171175;
0.1725; 171495;
0.0898; 171609;
0.1429; 171723;
0.0538; 171837;
0.0741; 171952;
0.0792; 172066;
0.1106; 172180;
0.0446; 172294;
0.0755; 172409;
0.0750; 172523;
0.0778; 172637;
0.0349; 172751;
0.0797; 172866;
0.1004; 172980;
0.0012; 173094;
0.0441; 173208;
0.0912; 173323;
-0.0048; 173437;
0.0774; 173563;
0.0344; 173677;
0.0497; 173791;
-0.0727; 173905;
-0.0247; 174020;
0.0621; 174134;
0.0437; 174248;
0.0644; 174362;
-0.0898; 174477;
-0.0436; 174591;
0.0367; 174705;
0.0247; 174820;
-0.0177; 174934;
-0.0574; 175048;
-0.0344; 175162;
0.0284; 175277;
0.0215; 175391;
-0.0362; 175505;
-0.0482; 175619;
-0.0150; 175734;
0.0127; 175848;
-0.0916; 175962;
-0.0307; 176076;
-0.0057; 176191;
-0.1175; 176305;
-0.0168; 176419;
-0.0671; 176534;
-0.0288; 176648;
0.0303; 176774;
0.0058; 176899;
-0.0450; 177014;
0.0035; 177128;
-0.0201; 177242;
-0.0104; 177356;
-0.0311; 177471;
0.0012; 177585;
0.0390; 177699;
-0.0907; 177813;
0.0076; 177928;
0.0515; 178042;
0.0686; 178156;
0.0266; 178270;
0.0210; 178385;
0.0040; 178705;
-0.0417; 178819;
-0.0177; 178933;
-0.0140; 179047;
-0.0104; 179162;
0.0506; 179276;
0.1069; 179390;
0.0446; 179505;
-0.0030; 179619;
-0.0256; 179733;
0.0801; 179847;
0.0146; 179962;
0.0621; 180076;
0.1004; 180190;
0.0640; 180304;
0.0289; 180419;
0.0007; 180544;
0.0557; 180659;
0.1120; 180773;
0.0196; 180887;
0.0349; 181002;
0.0607; 181116;
0.0584; 181230;
0.1198; 181344;
0.2025; 181459;
0.1471; 181573;
0.0834; 181687;
0.0931; 181801;
0.1004; 181916;
0.1041; 182030;
0.0949; 182144;
0.0335; 182258;
0.1424; 182373;
0.0257; 182487;
0.1203; 182601;
0.1406; 182716;
0.1743; 182830;
0.1697; 182944;
0.0778; 183058;
0.0866; 183173;
0.0589; 183287;
0.0510; 183401;
0.0792; 183515;
0.0312; 183630;
0.0714; 183744;
0.1046; 183858;
0.0949; 183984;
0.0732; 184098;
0.0986; 184212;
0.1046; 184327;
0.1415; 184441;
0.1346; 184555;
0.0266; 184669;
0.1586; 184784;
0.0954; 184898;
0.1157; 185012;
0.1074; 185127;
0.1101; 185241;
0.1286; 185355;
0.0677; 185469;
0.1083; 185789;
0.0769; 185904;
0.0847; 186018;
0.1341; 186132;
0.1023; 186246;
0.1665; 186361;
0.1152; 186475;
0.2057; 186589;
0.1184; 186704;
0.1111; 186818;
0.0760; 186932;
0.0386; 187046;
0.0769; 187161;
0.1669; 187275;
0.0723; 187389;
0.1018; 187503;
0.0584; 187629;
0.0081; 187743;
0.0737; 187858;
0.0233; 187972;
0.0940; 188086;
0.0063; 188200;
0.0169; 188315;
0.1295; 188429;
0.0473; 188543;
0.1595; 188658;
0.0857; 188772;
0.0081; 188886;
0.0257; 189000;
0.1175; 189115;
0.1032; 189229;
0.0289; 189343;
0.0944; 189457;
-0.0108; 189572;
0.0340; 189686;
0.0478; 189800;
0.1369; 189915;
0.1937; 190029;
0.1604; 190143;
0.0413; 190257;
0.0400; 190372;
0.1055; 190486;
0.1254; 190600;
0.2352; 190714;
0.1697; 190829;
0.0718; 190943;
0.1304; 191069;
0.1415; 191183;
0.1083; 191309;
0.0390; 191423;
0.0750; 191537;
0.0547; 191651;
0.0192; 191766;
0.0575; 191880;
0.0603; 191994;
-0.0108; 192109;
-0.0242; 192223;
-0.0011; 192337;
0.0709; 192451;
0.0843; 192566;
0.1304; 192680;
-0.0538; 193000;
-0.0330; 193114;
-0.0699; 193228;
-0.1027; 193343;
-0.1031; 193457;
-0.1008; 193571;
-0.0122; 193686;
0.0570; 193800;
-0.0413; 193914;
-0.0256; 194028;
-0.0076; 194143;
-0.0067; 194257;
0.0196; 194371;
-0.0667; 194485;
-0.0468; 194611;
0.0224; 194725;
-0.0464; 194840;
0.0635; 194954;
0.0076; 195068;
0.0626; 195182;
0.0386; 195297;
-0.0482; 195411;
0.0524; 195525;
0.0441; 195640;
0.0575; 195754;
0.0021; 195868;
0.0335; 195982;
-0.0145; 196097;
0.0187; 196211;
-0.0454; 196325;
0.0220; 196439;
0.0801; 196554;
0.0169; 196668;
0.0884; 196782;
0.0584; 196896;
-0.0237; 197011;
0.0270; 197125;
-0.0307; 197239;
-0.0113; 197354;
-0.0935; 197468;
-0.0759; 197582;
-0.0538; 197696;
0.0275; 197811;
-0.0417; 197925;
-0.0565; 198051;
0.0524; 198165;
-0.0094; 198279;
0.0127; 198393;
0.0644; 198508;
0.0533; 198633;
0.0012; 198748;
0.0312; 198862;
0.0497; 198976;
0.0580; 199090;
0.0686; 199205;
0.0612; 199319;
0.0506; 199433;
0.0912; 199547;
0.0681; 199662;
0.0169; 199776;
0.1055; 200096;
0.1318; 200210;
0.1512; 200324;
0.2588; 200439;
0.3936; 200553;
0.8917; 200667;
1.6128; 200781;
1.7023; 200896;
0.0058; 201010;
0.0215; 201124;
-0.0274; 201238;
0.1171; 201353;
0.0358; 201467;
0.0210; 201581;
0.0963; 201707;
0.0774; 201821;
0.0801; 201935;
0.1808; 202050;
0.0206; 202164;
0.0335; 202278;
0.0035; 202392;
0.1420; 202507;
0.0233; 202621;
0.0164; 202735;
0.0321; 202849;
0.0991; 202964;
0.0501; 203078;
0.0783; 203192;
0.1438; 203307;
0.0266; 203421;
0.1337; 203535;
0.0695; 203649;
0.0349; 203764;
0.0995; 203878;
0.0935; 203992;
0.0049; 204106;
0.1743; 204221;
0.0543; 204335;
-0.0044; 204449;
0.0750; 204564;
0.0889; 204678;
0.0293; 204792;
0.1609; 204906;
0.1180; 205021;
0.1655; 205146;
-0.0177; 205261;
0.0903; 205375;
0.1309; 205489;
0.1369; 205603;
0.0847; 205718;
0.0035; 205832;
0.1014; 205958;
0.0621; 206072;
0.0561; 206186;
0.1004; 206301;
-0.0002; 206415;
0.1221; 206529;
0.0247; 206643;
-0.0307; 206758;
0.0921; 206872;
0.0681; 206986;
0.1508; 207306;
0.0118; 207420;
0.1032; 207535;
0.1000; 207649;
0.1074; 207763;
0.0907; 207878;
0.0363; 207992;
0.1388; 208106;
0.1231; 208220;
0.0760; 208335;
0.0621; 208449;
0.0072; 208563;
0.1701; 208678;
0.1152; 208803;
0.1286; 208918;
0.0977; 209032;
0.1928; 209146;
0.0732; 209260;
0.1452; 209375;
0.1743; 209489;
0.0917; 209603;
0.1014; 209717;
0.1304; 209832;
0.0293; 209946;
0.1157; 210060;
0.1374; 210175;
0.0875; 210289;
0.1115; 210403;
0.1845; 210517;
0.1092; 210632;
0.0760; 210746;
0.1872; 210860;
0.0995; 210975;
0.1254; 211089;
0.1101; 211203;
0.1475; 211317;
0.1932; 211432;
0.0880; 211546;
0.2191; 211660;
0.1304; 211775;
0.1535; 211889;
0.1641; 212003;
0.2098; 212117;
0.2029; 212243;
0.2274; 212357;
0.2726; 212472;
0.1748; 212586;
0.2325; 212700;
0.2283; 212814;
0.3031; 212929;
0.2879; 213043;
0.3516; 213157;
0.2939; 213283;
0.2874; 213397;
0.2431; 213511;
0.2648; 213626;
0.2278; 213740;
0.3133; 213854;
0.1452; 213969;
0.1221; 214083;
0.2214; 214403;
0.2015; 214517;
0.0718; 214631;
0.1401; 214746;
0.1051; 214860;
0.1678; 214974;
0.1069; 215088;
0.1484; 215203;
0.2971; 215317;
0.2131; 215431;
0.1840; 215546;
0.1378; 215660;
0.1988; 215774;
0.2712; 215900;
0.2482; 216014;
0.1932; 216128;
0.2625; 216243;
0.1900; 216357;
0.3220; 216471;
0.1355; 216585;
0.1558; 216700;
0.1203; 216814;
0.2200; 216928;
0.2015; 217042;
0.2274; 217157;
0.2472; 217271;
0.2145; 217385;
0.1683; 217500;
0.1489; 217614;
0.2066; 217728;
0.2486; 217842;
0.2980; 217957;
0.2892; 218071;
0.1743; 218185;
0.2098; 218299;
0.1471; 218414;
0.2408; 218528;
0.3026; 218642;
0.2694; 218756;
0.1812; 218871;
0.1249; 218985;
0.2066; 219099;
0.2015; 219214;
0.2038; 219339;
0.1752; 219454;
0.3193; 219568;
0.2537; 219682;
0.2754; 219796;
0.1789; 219911;
0.1914; 220025;
0.2629; 220139;
0.3109; 220253;
0.2371; 220368;
0.1845; 220482;
0.2620; 220608;
0.2408; 220722;
0.3036; 220836;
0.2288; 220950;
0.3105; 221065;
0.2579; 221179;
0.3243; 221293;
0.2819; 221613;
0.2085; 221727;
0.3105; 221842;
0.2551; 221956;
0.3373; 222070;
0.2708; 222185;
0.1757; 222299;
0.2782; 222413;
0.2242; 222527;
0.2325; 222642;
0.2666; 222756;
0.2620; 222870;
0.2505; 222996;
0.2772; 223110;
0.3825; 223224;
0.3133; 223339;
0.3073; 223453;
0.3460; 223567;
0.3382; 223681;
0.3160; 223796;
0.2588; 223910;
0.3248; 224024;
0.3682; 224138;
0.2565; 224253;
0.3590; 224367;
0.2957; 224481;
0.3479; 224595;
0.3026; 224710;
0.3303; 224824;
0.2652; 224938;
0.3585; 225053;
0.3419; 225167;
0.3391; 225281;
0.3216; 225395;
0.3266; 225510;
0.3105; 225624;
0.3654; 225738;
0.3645; 225852;
0.4199; 225967;
0.3239; 226081;
0.3022; 226195;
0.3460; 226309;
0.3825; 226435;
0.2472; 226549;
0.2020; 226664;
0.4111; 226778;
0.3922; 226892;
0.2916; 227007;
0.2722; 227121;
0.3077; 227235;
0.2736; 227349;
0.3059; 227464;
0.3114; 227578;
0.1637; 227692;
0.1706; 227806;
0.3530; 227932;
0.3382; 228046;
0.2892; 228161;
0.3077; 228275;
0.3031; 228389;
0.2523; 228709;
0.2412; 228823;
0.3322; 228938;
0.2731; 229052;
0.2722; 229166;
0.2223; 229280;
0.2491; 229395;
0.2805; 229509;
0.1826; 229623;
0.2052; 229737;
0.2472; 229852;
0.1932; 229966;
0.2306; 230080;
0.1623; 230194;
0.1849; 230309;
0.1955; 230423;
0.2329; 230537;
0.2394; 230651;
0.2191; 230766;
0.2034; 230880;
0.2158; 230994;
0.1669; 231108;
0.1448; 231223;
0.1300; 231337;
0.1000; 231451;
0.1318; 231565;
0.1849; 231680;
0.1628; 231794;
0.1965; 231908;
0.0834; 232022;
0.1651; 232137;
0.1194; 232251;
-0.0039; 232365;
0.0852; 232480;
0.1171; 232594;
0.1628; 232708;
0.0977; 232822;
0.1120; 232937;
0.1055; 233051;
0.1231; 233165;
0.1480; 233279;
0.1198; 233393;
0.0755; 233508;
0.1226; 233633;
0.1489; 233748;
0.1000; 233862;
0.1374; 233976;
0.0552; 234090;
0.0187; 234205;
0.0113; 234319;
0.0469; 234433;
-0.0348; 234547;
0.0049; 234662;
-0.0288; 234776;
0.0035; 234890;
-0.0958; 235004;
-0.0528; 235118;
0.0321; 235233;
-0.0233; 235358;
-0.0602; 235473;
-0.1539; 235587;
-0.0436; 235907;
0.0040; 236021;
0.0201; 236135;
-0.1373; 236249;
-0.0662; 236364;
-0.0514; 236478;
-0.0948; 236592;
-0.1013; 236706;
-0.2112; 236820;
-0.2042; 236935;
-0.2015; 237049;
-0.2509; 237175;
-0.2273; 237289;
-0.2592; 237403;
-0.2666; 237517;
-0.2319; 237631;
-0.1248; 237746;
-0.1779; 237860;
-0.1987; 237974;
-0.2296; 238088;
-0.1248; 238203;
-0.1756; 238317;
-0.1756; 238431;
-0.2001; 238545;
-0.2250; 238659;
-0.1705; 238774;
-0.2389; 238888;
-0.1613; 239002;
-0.2421; 239116;
-0.1969; 239231;
-0.2476; 239345;
-0.1867; 239459;
-0.1198; 239573;
-0.2024; 239687;
-0.1978; 239802;
-0.2619; 239916;
-0.0981; 240030;
-0.1627; 240144;
-0.2107; 240258;
-0.1285; 240384;
-0.1359; 240498;
-0.2306; 240612;
-0.2038; 240727;
-0.0953; 240841;
-0.2190; 240955;
-0.1576; 241069;
-0.1918; 241183;
-0.1655; 241298;
-0.1950; 241412;
-0.2070; 241526;
-0.1585; 241640;
-0.2633; 241754;
-0.1535; 241869;
-0.2370; 241983;
-0.2236; 242097;
-0.2910; 242211;
-0.1992; 242326;
-0.1922; 242440;
-0.2181; 242554;
-0.2204; 242680;
-0.1368; 242794;
-0.1013; 243114;
-0.0279; 243228;
-0.0722; 243342;
-0.1692; 243456;
-0.1133; 243570;
-0.2199; 243685;
-0.1696; 243799;
-0.2162; 243924;
-0.1133; 244039;
-0.1165; 244153;
-0.1599; 244267;
-0.1493; 244381;
-0.1955; 244495;
-0.1188; 244610;
-0.1862; 244724;
-0.1539; 244838;
-0.1336; 244952;
-0.1272; 245066;
-0.1996; 245181;
-0.1913; 245295;
-0.1715; 245409;
-0.1031; 245523;
-0.1507; 245637;
-0.1304; 245752;
-0.1105; 245866;
-0.1068; 245980;
-0.0833; 246094;
-0.1128; 246208;
-0.1235; 246323;
-0.1465; 246437;
-0.2001; 246551;
-0.1332; 246665;
-0.1142; 246779;
-0.0838; 246893;
-0.0579; 247008;
-0.1705; 247133;
-0.0265; 247247;
-0.1276; 247362;
-0.0976; 247476;
-0.1364; 247590;
-0.1378; 247704;
-0.1128; 247818;
-0.1272; 247933;
-0.0764; 248047;
-0.0233; 248161;
-0.0505; 248275;
-0.0441; 248389;
-0.0838; 248503;
0.0026; 248618;
-0.0321; 248732;
-0.0925; 248846;
-0.0764; 248960;
-0.0131; 249074;
-0.0307; 249189;
-0.0168; 249303;
-0.1059; 249417;
-0.0893; 249531;
-0.0496; 249645;
-0.0201; 249759;
-0.0533; 249874;
-0.0394; 250193;
-0.0833; 250307;
-0.0159; 250422;
-0.0288; 250536;
0.0220; 250661;
-0.0381; 250776;
-0.0824; 250890;
0.0390; 251004;
-0.0570; 251118;
-0.0191; 251232;
-0.0907; 251346;
-0.0791; 251461;
-0.0847; 251575;
-0.0524; 251689;
-0.0450; 251803;
-0.0321; 251917;
-0.0145; 252032;
-0.0505; 252146;
-0.0574; 252260;
-0.0939; 252374;
0.0072; 252488;
-0.0177; 252602;
-0.0288; 252717;
-0.0477; 252831;
-0.0667; 252945;
-0.0408; 253059;
-0.0039; 253173;
-0.0450; 253287;
-0.0727; 253402;
-0.0159; 253516;
-0.0482; 253630;
-0.1724; 253744;
-0.0473; 253870;
-0.0814; 253984;
-0.1696; 254098;
-0.0390; 254212;
-0.1276; 254326;
-0.0108; 254441;
-0.0362; 254555;
-0.1290; 254669;
-0.0321; 254783;
-0.0233; 254897;
-0.0879; 255011;
-0.0270; 255126;
-0.0838; 255240;
-0.0856; 255354;
-0.0454; 255468;
-0.1567; 255582;
-0.0833; 255696;
-0.1442; 255811;
-0.1581; 255925;
-0.0722; 256039;
-0.0704; 256153;
-0.0404; 256267;
-0.0394; 256381;
-0.1276; 256496;
-0.0436; 256610;
-0.0288; 256724;
-0.1456; 256838;
-0.0796; 256952;
0.0409; 257066;
-0.0944; 257397;
-0.0995; 257511;
-0.1410; 257626;
-0.0667; 257740;
-0.0574; 257854;
-0.0593; 257968;
-0.1068; 258082;
-0.0653; 258196;
-0.0145; 258310;
-0.0514; 258425;
-0.0020; 258539;
-0.0237; 258653;
-0.0477; 258767;
-0.0293; 258881;
-0.1295; 258995;
0.0335; 259110;
-0.0450; 259224;
-0.0477; 259338;
-0.0856; 259452;
-0.1281; 259566;
-0.0884; 259680;
-0.0634; 259794;
-0.0551; 259909;
-0.0390; 260023;
-0.1161; 260137;
-0.0464; 260251;
0.0358; 260365;
-0.0976; 260479;
-0.0330; 260605;
-0.0127; 260719;
0.0266; 260833;
-0.0256; 260947;
0.0113; 261062;
-0.0016; 261176;
-0.0745; 261290;
0.0630; 261404;
-0.0468; 261518;
-0.0981; 261632;
-0.0745; 261746;
-0.0251; 261861;
0.0141; 261975;
0.0053; 262089;
-0.0057; 262203;
-0.0528; 262317;
-0.0307; 262431;
0.0007; 262546;
0.0220; 262660;
-0.0731; 262774;
0.0317; 262888;
-0.0113; 263002;
0.0127; 263116;
0.0016; 263230;
-0.0644; 263345;
-0.0011; 263459;
-0.0791; 263573;
-0.0210; 263687;
-0.0187; 263801;
-0.0422; 263927;
-0.0205; 264041;
0.0021; 264155;
0.0058; 264475;
-0.0007; 264589;
-0.0164; 264714;
0.0626; 264828;
0.0224; 264942;
0.0035; 265057;
-0.0224; 265171;
-0.0140; 265285;
-0.1008; 265399;
-0.0371; 265513;
-0.0856; 265627;
-0.1013; 265741;
-0.1036; 265856;
-0.1318; 265970;
-0.1682; 266084;
-0.0247; 266198;
0.0021; 266312;
-0.0902; 266426;
-0.0902; 266540;
-0.0810; 266655;
-0.0884; 266769;
-0.0658; 266883;
0.0247; 266997;
-0.0362; 267111;
0.0173; 267225;
-0.0385; 267339;
0.0160; 267465;
-0.0316; 267579;
-0.0219; 267693;
-0.0847; 267807;
-0.0658; 267921;
-0.0653; 268036;
-0.0293; 268150;
0.0086; 268264;
0.0557; 268378;
0.0086; 268492;
0.0257; 268606;
-0.0127; 268720;
0.0446; 268834;
0.0141; 268949;
-0.0274; 269063;
-0.0888; 269177;
0.0238; 269291;
-0.0621; 269405;
0.0201; 269519;
0.0501; 269633;
-0.0787; 269747;
-0.1096; 269861;
-0.0441; 269976;
0.0072; 270090;
0.0192; 270204;
0.0160; 270318;
0.0086; 270432;
0.0552; 270546;
0.0991; 270660;
0.0520; 270775;
0.0100; 270889;
-0.0468; 271003;
-0.0528; 271117;
0.0155; 271231;
-0.0704; 271345;
0.0834; 271665;
-0.0367; 271779;
0.0792; 271893;
-0.0085; 272007;
0.0598; 272133;
-0.0053; 272247;
0.0704; 272361;
0.0815; 272475;
0.1171; 272589;
-0.0099; 272703;
-0.0182; 272817;
-0.0344; 272931;
-0.0187; 273046;
0.0487; 273160;
-0.0750; 273274;
-0.0417; 273388;
0.0686; 273502;
0.0423; 273616;
0.0737; 273730;
-0.0888; 273844;
0.0820; 273959;
0.0755; 274073;
0.0353; 274187;
0.0252; 274301;
0.1097; 274426;
0.1152; 274541;
-0.0293; 274655;
0.0580; 274769;
0.1147; 274883;
0.0926; 274997;
0.0663; 275111;
0.0995; 275225;
0.0898; 275339;
0.1392; 275454;
0.0672; 275568;
0.1360; 275682;
0.1092; 275796;
0.0686; 275910;
0.1438; 276024;
0.1503; 276138;
0.1748; 276252;
0.1337; 276367;
0.0921; 276481;
0.1277; 276595;
0.1226; 276709;
0.1249; 276823;
0.1715; 276937;
0.1960; 277051;
0.1244; 277165;
0.1032; 277279;
0.1761; 277394;
0.1166; 277508;
0.1180; 277622;
0.1489; 277736;
0.2371; 277861;
0.1568; 277976;
0.1249; 278090;
0.1517; 278204;
0.1757; 278318;
0.1526; 278432;
0.0944; 278752;
0.0552; 278866;
0.0464; 278980;
0.1766; 279094;
0.1217; 279208;
0.1665; 279322;
0.1032; 279448;
0.1831; 279562;
0.1618; 279676;
0.1032; 279790;
0.1429; 279904;
0.0834; 280018;
0.0815; 280132;
0.1106; 280246;
0.1549; 280361;
0.1725; 280475;
0.2634; 280589;
0.1318; 280703;
0.2315; 280817;
0.2154; 280931;
0.1928; 281045;
0.2486; 281159;
0.2071; 281273;
0.2112; 281387;
0.1461; 281513;
0.1244; 281627;
0.1383; 281741;
0.2606; 281855;
0.1323; 281969;
0.1595; 282084;
0.1480; 282198;
0.1817; 282312;
0.0714; 282426;
0.1000; 282540;
0.1641; 282654;
0.1715; 282768;
0.1683; 282882;
0.1697; 282996;
0.2292; 283110;
0.0972; 283225;
0.1637; 283339;
0.2158; 283453;
0.1461; 283567;
0.1609; 283681;
0.1863; 283795;
0.1817; 283909;
0.1900; 284023;
0.0884; 284137;
0.2205; 284251;
0.1720; 284366;
0.2519; 284480;
0.1586; 284594;
0.1817; 284708;
0.1374; 284822;
0.2366; 284959;
0.1540; 285073;
0.1632; 285187;
0.1572; 285301;
0.1355; 285415;
0.2694; 285529;
0.1632; 285849;
0.1826; 285963;
0.2214; 286077;
0.1655; 286191;
0.1064; 286305;
0.0829; 286420;
0.1212; 286534;
0.2020; 286659;
0.1586; 286773;
0.2038; 286887;
0.1715; 287001;
0.1900; 287116;
0.1244; 287230;
0.1526; 287344;
0.1988; 287458;
0.2126; 287572;
0.1429; 287686;
0.1641; 287800;
0.2675; 287914;
0.1711; 288028;
0.1826; 288142;
0.2569; 288257;
0.1420; 288371;
0.2288; 288485;
0.2777; 288610;
0.2278; 288724;
0.2542; 288838;
0.2329; 288953;
0.1955; 289067;
0.1544; 289181;
0.1729; 289295;
0.2122; 289409;
0.2588; 289523;
0.2528; 289637;
0.1928; 289751;
0.1831; 289865;
0.2634; 289979;
0.2459; 290094;
0.1249; 290208;
0.1328; 290322;
0.2606; 290436;
0.2537; 290550;
0.2352; 290664;
0.1845; 290778;
0.1420; 290892;
0.0986; 291006;
0.1161; 291120;
0.0570; 291234;
0.2011; 291349;
0.1517; 291463;
0.1688; 291577;
0.0912; 291691;
0.1323; 291805;
0.1591; 291919;
0.1914; 292045;
0.1665; 292159;
0.2306; 292273;
0.0607; 292387;
0.1087; 292501;
0.0986; 292615;
0.2112; 292934;
0.2145; 293048;
0.1304; 293162;
0.1540; 293277;
0.0607; 293391;
0.1531; 293505;
0.0917; 293619;
0.1609; 293733;
0.2112; 293847;
